# 1500  3.000000 3.000000 3.000000
 0.00876	 0.10918	-2.99800	 0.00292	 0.03639	-0.99933	 0.07540
-0.18642	-0.03482	-2.99400	-0.06214	-0.01161	-0.99800	 0.07540
-0.02976	-0.24293	-2.99000	-0.00992	-0.08098	-0.99667	 0.07540
 0.22785	-0.17857	-2.98600	 0.07595	-0.05952	-0.99533	 0.07540
 0.31991	 0.07302	-2.98200	 0.10664	 0.02434	-0.99400	 0.07540
 0.18999	 0.30890	-2.97800	 0.06333	 0.10297	-0.99267	 0.07540
-0.06834	 0.38814	-2.97400	-0.02278	 0.12938	-0.99133	 0.07540
-0.31688	 0.28051	-2.97000	-0.10563	 0.09350	-0.99000	 0.07540
-0.44831	 0.04315	-2.96600	-0.14944	 0.01438	-0.98867	 0.07540
-0.41842	-0.22689	-2.96200	-0.13947	-0.07563	-0.98733	 0.07540
-0.24480	-0.43624	-2.95800	-0.08160	-0.14541	-0.98600	 0.07540
 0.01316	-0.52317	-2.95400	 0.00439	-0.17439	-0.98467	 0.07540
 0.27995	-0.46811	-2.95000	 0.09332	-0.15604	-0.98333	 0.07540
 0.48660	-0.29035	-2.94600	 0.16220	-0.09678	-0.98200	 0.07540
 0.58593	-0.03636	-2.94200	 0.19531	-0.01212	-0.98067	 0.07540
 0.55932	 0.23518	-2.93800	 0.18644	 0.07839	-0.97933	 0.07540
 0.41603	 0.46750	-2.93400	 0.13868	 0.15583	-0.97800	 0.07540
 0.18721	 0.61648	-2.93000	 0.06240	 0.20549	-0.97667	 0.07540
-0.08290	 0.65700	-2.92600	-0.02763	 0.21900	-0.97533	 0.07540
-0.34638	 0.58475	-2.92200	-0.11546	 0.19492	-0.97400	 0.07540
-0.56001	 0.41433	-2.91800	-0.18667	 0.13811	-0.97267	 0.07540
-0.69144	 0.17467	-2.91400	-0.23048	 0.05822	-0.97133	 0.07540
-0.72285	-0.09691	-2.91000	-0.24095	-0.03230	-0.97000	 0.07540
-0.65182	-0.36097	-2.90600	-0.21727	-0.12032	-0.96867	 0.07540
-0.49012	-0.58153	-2.90200	-0.16337	-0.19384	-0.96733	 0.07540
-0.26071	-0.73050	-2.89800	-0.08690	-0.24350	-0.96600	 0.07540
 0.00622	-0.79040	-2.89400	 0.00207	-0.26347	-0.96467	 0.07540
 0.27760	-0.75554	-2.89000	 0.09253	-0.25185	-0.96333	 0.07540
 0.52158	-0.63163	-2.88600	 0.17386	-0.21054	-0.96200	 0.07540
 0.71105	-0.43415	-2.88200	 0.23702	-0.14472	-0.96067	 0.07540
 0.82618	-0.18584	-2.87800	 0.27539	-0.06195	-0.95933	 0.07540
 0.85597	 0.08626	-2.87400	 0.28532	 0.02875	-0.95800	 0.07540
 0.79864	 0.35394	-2.87000	 0.26621	 0.11798	-0.95667	 0.07540
 0.66115	 0.59069	-2.86600	 0.22038	 0.19690	-0.95533	 0.07540
 0.45789	 0.77414	-2.86200	 0.15263	 0.25805	-0.95400	 0.07540
 0.20879	 0.88783	-2.85800	 0.06960	 0.29594	-0.95267	 0.07540
-0.06287	 0.92235	-2.85400	-0.02096	 0.30745	-0.95133	 0.07540
-0.33272	 0.87567	-2.85000	-0.11091	 0.29189	-0.95000	 0.07540
-0.57751	 0.75284	-2.84600	-0.19250	 0.25095	-0.94867	 0.07540
-0.77696	 0.56512	-2.84200	-0.25899	 0.18837	-0.94733	 0.07540
-0.91527	 0.32869	-2.83800	-0.30509	 0.10956	-0.94600	 0.07540
-0.98207	 0.06304	-2.83400	-0.32736	 0.02101	-0.94467	 0.07540
-0.97298	-0.21075	-2.83000	-0.32433	-0.07025	-0.94333	 0.07540
-0.88952	-0.47169	-2.82600	-0.29651	-0.15723	-0.94200	 0.07540
-0.73873	-0.70043	-2.82200	-0.24624	-0.23348	-0.94067	 0.07540
-0.53234	-0.88062	-2.81800	-0.17745	-0.29354	-0.93933	 0.07540
-0.28567	-0.99990	-2.81400	-0.09522	-0.33330	-0.93800	 0.07540
-0.01638	-1.05054	-2.81000	-0.00546	-0.35018	-0.93667	 0.07540
 0.25684	-1.02976	-2.80600	 0.08561	-0.34325	-0.93533	 0.07540
 0.51563	-0.93964	-2.80200	 0.17188	-0.31321	-0.93400	 0.07540
 0.74308	-0.78679	-2.79800	 0.24769	-0.26226	-0.93267	 0.07540
 0.92480	-0.58165	-2.79400	 0.30827	-0.19388	-0.93133	 0.07540
 1.04969	-0.33771	-2.79000	 0.34990	-0.11257	-0.93000	 0.07540
 1.11051	-0.07047	-2.78600	 0.37017	-0.02349	-0.92867	 0.07540
 1.10411	 0.20353	-2.78200	 0.36804	 0.06784	-0.92733	 0.07540
 1.03144	 0.46780	-2.77800	 0.34381	 0.15593	-0.92600	 0.07540
 0.89737	 0.70686	-2.77400	 0.29912	 0.23562	-0.92467	 0.07540
 0.71016	 0.90707	-2.77000	 0.23672	 0.30236	-0.92333	 0.07540
 0.48091	 1.05734	-2.76600	 0.16030	 0.35245	-0.92200	 0.07540
 0.22281	 1.14966	-2.76200	 0.07427	 0.38322	-0.92067	 0.07540
-0.04970	 1.17939	-2.75800	-0.01657	 0.39313	-0.91933	 0.07540
-0.32171	 1.14542	-2.75400	-0.10724	 0.38181	-0.91800	 0.07540
-0.57872	 1.05004	-2.75000	-0.19291	 0.35001	-0.91667	 0.07540
-0.80732	 0.89873	-2.74600	-0.26911	 0.29958	-0.91533	 0.07540
-0.99590	 0.69973	-2.74200	-0.33197	 0.23324	-0.91400	 0.07540
-1.13511	 0.46356	-2.73800	-0.37837	 0.15452	-0.91267	 0.07540
-1.21832	 0.20233	-2.73400	-0.40611	 0.06744	-0.91133	 0.07540
-1.24181	-0.07083	-2.73000	-0.41394	-0.02361	-0.91000	 0.07540
-1.20483	-0.34250	-2.72600	-0.40161	-0.11417	-0.90867	 0.07540
-1.10959	-0.59960	-2.72200	-0.36986	-0.19987	-0.90733	 0.07540
-0.96100	-0.83003	-2.71800	-0.32033	-0.27668	-0.90600	 0.07540
-0.76638	-1.02316	-2.71400	-0.25546	-0.34105	-0.90467	 0.07540
-0.53503	-1.17032	-2.71000	-0.17834	-0.39011	-0.90333	 0.07540
-0.27772	-1.26508	-2.70600	-0.09257	-0.42169	-0.90200	 0.07540
-0.00623	-1.30352	-2.70200	-0.00208	-0.43451	-0.90067	 0.07540
 0.26730	-1.28427	-2.69800	 0.08910	-0.42809	-0.89933	 0.07540
 0.53085	-1.20854	-2.69400	 0.17695	-0.40285	-0.89800	 0.07540
 0.77304	-1.07996	-2.69000	 0.25768	-0.35999	-0.89667	 0.07540
 0.98365	-0.90434	-2.68600	 0.32788	-0.30145	-0.89533	 0.07540
 1.15395	-0.68941	-2.68200	 0.38465	-0.22980	-0.89400	 0.07540
 1.27705	-0.44436	-2.67800	 0.42568	-0.14812	-0.89267	 0.07540
 1.34815	-0.17951	-2.67400	 0.44938	-0.05984	-0.89133	 0.07540
 1.36463	 0.09423	-2.67000	 0.45488	 0.03141	-0.89000	 0.07540
 1.32615	 0.36576	-2.66600	 0.44205	 0.12192	-0.88867	 0.07540
 1.23454	 0.62424	-2.66200	 0.41151	 0.20808	-0.88733	 0.07540
 1.09370	 0.85956	-2.65800	 0.36457	 0.28652	-0.88600	 0.07540
 0.90941	 1.06266	-2.65400	 0.30314	 0.35422	-0.88467	 0.07540
 0.68901	 1.22587	-2.65000	 0.22967	 0.40862	-0.88333	 0.07540
 0.44110	 1.34317	-2.64600	 0.14703	 0.44772	-0.88200	 0.07540
 0.17520	 1.41037	-2.64200	 0.05840	 0.47012	-0.88067	 0.07540
-0.09866	 1.42521	-2.63800	-0.03289	 0.47507	-0.87933	 0.07540
-0.37030	 1.38741	-2.63400	-0.12343	 0.46247	-0.87800	 0.07540
-0.62980	 1.29863	-2.63000	-0.20993	 0.43288	-0.87667	 0.07540
-0.86781	 1.16234	-2.62600	-0.28927	 0.38745	-0.87533	 0.07540
-1.07589	 0.98365	-2.62200	-0.35863	 0.32788	-0.87400	 0.07540
-1.24680	 0.76913	-2.61800	-0.41560	 0.25638	-0.87267	 0.07540
-1.37470	 0.52650	-2.61400	-0.45823	 0.17550	-0.87133	 0.07540
-1.45534	 0.26434	-2.61000	-0.48511	 0.08811	-0.87000	 0.07540
-1.48617	-0.00821	-2.60600	-0.49539	-0.00274	-0.86867	 0.07540
-1.46636	-0.28178	-2.60200	-0.48879	-0.09393	-0.86733	 0.07540
-1.39681	-0.54710	-2.59800	-0.46560	-0.18237	-0.86600	 0.07540
-1.28009	-0.79532	-2.59400	-0.42670	-0.26511	-0.86467	 0.07540
-1.12029	-1.01826	-2.59000	-0.37343	-0.33942	-0.86333	 0.07540
-0.92287	-1.20869	-2.58600	-0.30762	-0.40290	-0.86200	 0.07540
-0.69443	-1.36053	-2.58200	-0.23148	-0.45351	-0.86067	 0.07540
-0.44251	-1.46905	-2.57800	-0.14750	-0.48968	-0.85933	 0.07540
-0.17528	-1.53095	-2.57400	-0.05843	-0.51032	-0.85800	 0.07540
 0.09870	-1.54446	-2.57000	 0.03290	-0.51482	-0.85667	 0.07540
 0.37075	-1.50937	-2.56600	 0.12358	-0.50312	-0.85533	 0.07540
 0.63239	-1.42697	-2.56200	 0.21080	-0.47566	-0.85400	 0.07540
 0.87556	-1.30001	-2.55800	 0.29185	-0.43334	-0.85267	 0.07540
 1.09285	-1.13259	-2.55400	 0.36428	-0.37753	-0.85133	 0.07540
 1.27776	-0.92996	-2.55000	 0.42592	-0.30999	-0.85000	 0.07540
 1.42483	-0.69839	-2.54600	 0.47494	-0.23280	-0.84867	 0.07540
 1.52979	-0.44495	-2.54200	 0.50993	-0.14832	-0.84733	 0.07540
 1.58970	-0.17725	-2.53800	 0.52990	-0.05908	-0.84600	 0.07540
 1.60296	 0.09675	-2.53400	 0.53432	 0.03225	-0.84467	 0.07540
 1.56937	 0.36902	-2.53000	 0.52312	 0.12301	-0.84333	 0.07540
 1.49009	 0.63164	-2.52600	 0.49670	 0.21055	-0.84200	 0.07540
 1.36757	 0.87709	-2.52200	 0.45586	 0.29236	-0.84067	 0.07540
 1.20548	 1.09841	-2.51800	 0.40183	 0.36614	-0.83933	 0.07540
 1.00857	 1.28942	-2.51400	 0.33619	 0.42981	-0.83800	 0.07540
 0.78251	 1.44485	-2.51000	 0.26084	 0.48162	-0.83667	 0.07540
 0.53373	 1.56048	-2.50600	 0.17791	 0.52016	-0.83533	 0.07540
 0.26922	 1.63325	-2.50200	 0.08974	 0.54442	-0.83400	 0.07540
-0.00368	 1.66132	-2.49800	-0.00123	 0.55377	-0.83267	 0.07540
-0.27748	 1.64407	-2.49400	-0.09249	 0.54802	-0.83133	 0.07540
-0.54474	 1.58214	-2.49000	-0.18158	 0.52738	-0.83000	 0.07540
-0.79828	 1.47735	-2.48600	-0.26609	 0.49245	-0.82867	 0.07540
-1.03136	 1.33265	-2.48200	-0.34379	 0.44422	-0.82733	 0.07540
-1.23787	 1.15204	-2.47800	-0.41262	 0.38401	-0.82600	 0.07540
-1.41244	 0.94039	-2.47400	-0.47081	 0.31346	-0.82467	 0.07540
-1.55060	 0.70337	-2.47000	-0.51687	 0.23446	-0.82333	 0.07540
-1.64889	 0.44723	-2.46600	-0.54963	 0.14908	-0.82200	 0.07540
-1.70489	 0.17866	-2.46200	-0.56830	 0.05955	-0.82067	 0.07540
-1.71730	-0.09542	-2.45800	-0.57243	-0.03181	-0.81933	 0.07540
-1.68596	-0.36798	-2.45400	-0.56199	-0.12266	-0.81800	 0.07540
-1.61181	-0.63212	-2.45000	-0.53727	-0.21071	-0.81667	 0.07540
-1.49684	-0.88123	-2.44600	-0.49895	-0.29374	-0.81533	 0.07540
-1.34406	-1.10912	-2.44200	-0.44802	-0.36971	-0.81400	 0.07540
-1.15739	-1.31019	-2.43800	-0.38580	-0.43673	-0.81267	 0.07540
-0.94156	-1.47957	-2.43400	-0.31385	-0.49319	-0.81133	 0.07540
-0.70193	-1.61319	-2.43000	-0.23398	-0.53773	-0.81000	 0.07540
-0.44444	-1.70792	-2.42600	-0.14815	-0.56931	-0.80867	 0.07540
-0.17537	-1.76158	-2.42200	-0.05846	-0.58719	-0.80733	 0.07540
 0.09875	-1.77300	-2.41800	 0.03292	-0.59100	-0.80600	 0.07540
 0.37137	-1.74204	-2.41400	 0.12379	-0.58068	-0.80467	 0.07540
 0.63599	-1.66955	-2.41000	 0.21200	-0.55652	-0.80333	 0.07540
 0.88639	-1.55739	-2.40600	 0.29546	-0.51913	-0.80200	 0.07540
 1.11672	-1.40831	-2.40200	 0.37224	-0.46944	-0.80067	 0.07540
 1.32167	-1.22588	-2.39800	 0.44056	-0.40863	-0.79933	 0.07540
 1.49654	-1.01446	-2.39400	 0.49885	-0.33815	-0.79800	 0.07540
 1.63739	-0.77900	-2.39000	 0.54580	-0.25967	-0.79667	 0.07540
 1.74109	-0.52497	-2.38600	 0.58036	-0.17499	-0.79533	 0.07540
 1.80538	-0.25823	-2.38200	 0.60179	-0.08608	-0.79400	 0.07540
 1.82890	 0.01513	-2.37800	 0.60963	 0.00504	-0.79267	 0.07540
 1.81125	 0.28894	-2.37400	 0.60375	 0.09631	-0.79133	 0.07540
 1.75294	 0.55706	-2.37000	 0.58431	 0.18569	-0.79000	 0.07540
 1.65537	 0.81350	-2.36600	 0.55179	 0.27117	-0.78867	 0.07540
 1.52083	 1.05263	-2.36200	 0.50694	 0.35088	-0.78733	 0.07540
 1.35237	 1.26922	-2.35800	 0.45079	 0.42307	-0.78600	 0.07540
 1.15380	 1.45857	-2.35400	 0.38460	 0.48619	-0.78467	 0.07540
 0.92951	 1.61663	-2.35000	 0.30984	 0.53888	-0.78333	 0.07540
 0.68446	 1.74006	-2.34600	 0.22815	 0.58002	-0.78200	 0.07540
 0.42397	 1.82628	-2.34200	 0.14132	 0.60876	-0.78067	 0.07540
 0.15368	 1.87354	-2.33800	 0.05123	 0.62451	-0.77933	 0.07540
-0.12061	 1.88093	-2.33400	-0.04020	 0.62698	-0.77800	 0.07540
-0.39306	 1.84840	-2.33000	-0.13102	 0.61613	-0.77667	 0.07540
-0.65793	 1.77675	-2.32600	-0.21931	 0.59225	-0.77533	 0.07540
-0.90967	 1.66758	-2.32200	-0.30322	 0.55586	-0.77400	 0.07540
-1.14305	 1.52326	-2.31800	-0.38102	 0.50775	-0.77267	 0.07540
-1.35325	 1.34689	-2.31400	-0.45108	 0.44896	-0.77133	 0.07540
-1.53599	 1.14220	-2.31000	-0.51200	 0.38073	-0.77000	 0.07540
-1.68758	 0.91348	-2.30600	-0.56253	 0.30449	-0.76867	 0.07540
-1.80498	 0.66547	-2.30200	-0.60166	 0.22182	-0.76733	 0.07540
-1.88589	 0.40327	-2.29800	-0.62863	 0.13442	-0.76600	 0.07540
-1.92875	 0.13224	-2.29400	-0.64292	 0.04408	-0.76467	 0.07540
-1.93280	-0.14212	-2.29000	-0.64427	-0.04737	-0.76333	 0.07540
-1.89804	-0.41431	-2.28600	-0.63268	-0.13810	-0.76200	 0.07540
-1.82526	-0.67889	-2.28200	-0.60842	-0.22630	-0.76067	 0.07540
-1.71601	-0.93060	-2.27800	-0.57200	-0.31020	-0.75933	 0.07540
-1.57253	-1.16450	-2.27400	-0.52418	-0.38817	-0.75800	 0.07540
-1.39774	-1.37602	-2.27000	-0.46591	-0.45867	-0.75667	 0.07540
-1.19512	-1.56107	-2.26600	-0.39837	-0.52036	-0.75533	 0.07540
-0.96870	-1.71609	-2.26200	-0.32290	-0.57203	-0.75400	 0.07540
-0.72294	-1.83815	-2.25800	-0.24098	-0.61272	-0.75267	 0.07540
-0.46263	-1.92496	-2.25400	-0.15421	-0.64165	-0.75133	 0.07540
-0.19281	-1.97492	-2.25000	-0.06427	-0.65831	-0.75000	 0.07540
 0.08132	-1.98718	-2.24600	 0.02711	-0.66239	-0.74867	 0.07540
 0.35453	-1.96157	-2.24200	 0.11818	-0.65386	-0.74733	 0.07540
 0.62163	-1.89866	-2.23800	 0.20721	-0.63289	-0.74600	 0.07540
 0.87759	-1.79974	-2.23400	 0.29253	-0.59991	-0.74467	 0.07540
 1.11761	-1.66674	-2.23000	 0.37254	-0.55558	-0.74333	 0.07540
 1.33724	-1.50223	-2.22600	 0.44575	-0.50074	-0.74200	 0.07540
 1.53242	-1.30935	-2.22200	 0.51081	-0.43645	-0.74067	 0.07540
 1.69959	-1.09173	-2.21800	 0.56653	-0.36391	-0.73933	 0.07540
 1.83571	-0.85346	-2.21400	 0.61190	-0.28449	-0.73800	 0.07540
 1.93834	-0.59896	-2.21000	 0.64611	-0.19965	-0.73667	 0.07540
 2.00567	-0.33294	-2.20600	 0.66856	-0.11098	-0.73533	 0.07540
 2.03656	-0.06027	-2.20200	 0.67885	-0.02009	-0.73400	 0.07540
 2.03051	 0.21408	-2.19800	 0.67684	 0.07136	-0.73267	 0.07540
 1.98771	 0.48514	-2.19400	 0.66257	 0.16171	-0.73133	 0.07540
 1.90902	 0.74803	-2.19000	 0.63634	 0.24934	-0.73000	 0.07540
 1.79591	 0.99805	-2.18600	 0.59864	 0.33268	-0.72867	 0.07540
 1.65049	 1.23076	-2.18200	 0.55016	 0.41025	-0.72733	 0.07540
 1.47539	 1.44206	-2.17800	 0.49180	 0.48069	-0.72600	 0.07540
 1.27380	 1.62824	-2.17400	 0.42460	 0.54275	-0.72467	 0.07540
 1.04931	 1.78607	-2.17000	 0.34977	 0.59536	-0.72333	 0.07540
 0.80592	 1.91283	-2.16600	 0.26864	 0.63761	-0.72200	 0.07540
 0.54794	 2.00637	-2.16200	 0.18265	 0.66879	-0.72067	 0.07540
 0.27988	 2.06512	-2.15800	 0.09329	 0.68837	-0.71933	 0.07540
 0.00643	 2.08812	-2.15400	 0.00214	 0.69604	-0.71800	 0.07540
-0.26768	 2.07505	-2.15000	-0.08923	 0.69168	-0.71667	 0.07540
-0.53772	 2.02621	-2.14600	-0.17924	 0.67540	-0.71533	 0.07540
-0.79907	 1.94251	-2.14200	-0.26636	 0.64750	-0.71400	 0.07540
-1.04726	 1.82543	-2.13800	-0.34909	 0.60848	-0.71267	 0.07540
-1.27811	 1.67705	-2.13400	-0.42604	 0.55902	-0.71133	 0.07540
-1.48772	 1.49993	-2.13000	-0.49591	 0.49998	-0.71000	 0.07540
-1.67260	 1.29713	-2.12600	-0.55753	 0.43238	-0.70867	 0.07540
-1.82968	 1.07210	-2.12200	-0.60989	 0.35737	-0.70733	 0.07540
-1.95637	 0.82867	-2.11800	-0.65212	 0.27622	-0.70600	 0.07540
-2.05062	 0.57094	-2.11400	-0.68354	 0.19031	-0.70467	 0.07540
-2.11091	 0.30322	-2.11000	-0.70364	 0.10107	-0.70333	 0.07540
-2.13632	 0.02997	-2.10600	-0.71211	 0.00999	-0.70200	 0.07540
-2.12648	-0.24428	-2.10200	-0.70883	-0.08143	-0.70067	 0.07540
-2.08162	-0.51501	-2.09800	-0.69387	-0.17167	-0.69933	 0.07540
-2.00255	-0.77780	-2.09400	-0.66752	-0.25927	-0.69800	 0.07540
-1.89060	-1.02836	-2.09000	-0.63020	-0.34279	-0.69667	 0.07540
-1.74767	-1.26263	-2.08600	-0.58256	-0.42088	-0.69533	 0.07540
-1.57614	-1.47684	-2.08200	-0.52538	-0.49228	-0.69400	 0.07540
-1.37882	-1.66757	-2.07800	-0.45961	-0.55586	-0.69267	 0.07540
-1.15893	-1.83177	-2.07400	-0.38631	-0.61059	-0.69133	 0.07540
-0.92006	-1.96687	-2.07000	-0.30669	-0.65562	-0.69000	 0.07540
-0.66605	-2.07075	-2.06600	-0.22202	-0.69025	-0.68867	 0.07540
-0.40098	-2.14181	-2.06200	-0.13366	-0.71394	-0.68733	 0.07540
-0.12908	-2.17898	-2.05800	-0.04303	-0.72633	-0.68600	 0.07540
 0.14534	-2.18173	-2.05400	 0.04845	-0.72724	-0.68467	 0.07540
 0.41794	-2.15008	-2.05000	 0.13931	-0.71669	-0.68333	 0.07540
 0.68444	-2.08457	-2.04600	 0.22815	-0.69486	-0.68200	 0.07540
 0.94068	-1.98629	-2.04200	 0.31356	-0.66210	-0.68067	 0.07540
 1.18266	-1.85684	-2.03800	 0.39422	-0.61895	-0.67933	 0.07540
 1.40665	-1.69828	-2.03400	 0.46888	-0.56609	-0.67800	 0.07540
 1.60921	-1.51312	-2.03000	 0.53640	-0.50437	-0.67667	 0.07540
 1.78724	-1.30426	-2.02600	 0.59575	-0.43475	-0.67533	 0.07540
 1.93803	-1.07497	-2.02200	 0.64601	-0.35832	-0.67400	 0.07540
 2.05932	-0.82879	-2.01800	 0.68644	-0.27626	-0.67267	 0.07540
 2.14929	-0.56952	-2.01400	 0.71643	-0.18984	-0.67133	 0.07540
 2.20663	-0.30114	-2.01000	 0.73554	-0.10038	-0.67000	 0.07540
 2.23051	-0.02774	-2.00600	 0.74350	-0.00925	-0.66867	 0.07540
 2.22064	 0.24652	-2.00200	 0.74021	 0.08217	-0.66733	 0.07540
 2.17720	 0.51749	-1.99800	 0.72573	 0.17250	-0.66600	 0.07540
 2.10091	 0.78112	-1.99400	 0.70030	 0.26037	-0.66467	 0.07540
 1.99297	 1.03344	-1.99000	 0.66432	 0.34448	-0.66333	 0.07540
 1.85503	 1.27069	-1.98600	 0.61834	 0.42356	-0.66200	 0.07540
 1.68921	 1.48937	-1.98200	 0.56307	 0.49646	-0.66067	 0.07540
 1.49802	 1.68625	-1.97800	 0.49934	 0.56208	-0.65933	 0.07540
 1.28432	 1.85845	-1.97400	 0.42811	 0.61948	-0.65800	 0.07540
 1.05132	 2.00345	-1.97000	 0.35044	 0.66782	-0.65667	 0.07540
 0.80247	 2.11917	-1.96600	 0.26749	 0.70639	-0.65533	 0.07540
 0.54145	 2.20395	-1.96200	 0.18048	 0.73465	-0.65400	 0.07540
 0.27210	 2.25659	-1.95800	 0.09070	 0.75220	-0.65267	 0.07540
-0.00163	 2.27637	-1.95400	-0.00054	 0.75879	-0.65133	 0.07540
-0.27575	 2.26307	-1.95000	-0.09192	 0.75436	-0.65000	 0.07540
-0.54628	 2.21690	-1.94600	-0.18209	 0.73897	-0.64867	 0.07540
-0.80932	 2.13861	-1.94200	-0.26977	 0.71287	-0.64733	 0.07540
-1.06108	 2.02935	-1.93800	-0.35369	 0.67645	-0.64600	 0.07540
-1.29795	 1.89076	-1.93400	-0.43265	 0.63025	-0.64467	 0.07540
-1.51657	 1.72485	-1.93000	-0.50552	 0.57495	-0.64333	 0.07540
-1.71384	 1.53404	-1.92600	-0.57128	 0.51135	-0.64200	 0.07540
-1.88696	 1.32110	-1.92200	-0.62899	 0.44037	-0.64067	 0.07540
-2.03352	 1.08906	-1.91800	-0.67784	 0.36302	-0.63933	 0.07540
-2.15148	 0.84126	-1.91400	-0.71716	 0.28042	-0.63800	 0.07540
-2.23922	 0.58121	-1.91000	-0.74641	 0.19374	-0.63667	 0.07540
-2.29553	 0.31261	-1.90600	-0.76518	 0.10420	-0.63533	 0.07540
-2.31967	 0.03922	-1.90200	-0.77322	 0.01307	-0.63400	 0.07540
-2.31135	-0.23510	-1.89800	-0.77045	-0.07837	-0.63267	 0.07540
-2.27073	-0.50652	-1.89400	-0.75691	-0.16884	-0.63133	 0.07540
-2.19842	-0.77127	-1.89000	-0.73281	-0.25709	-0.63000	 0.07540
-2.09547	-1.02568	-1.88600	-0.69849	-0.34189	-0.62867	 0.07540
-1.96335	-1.26623	-1.88200	-0.65445	-0.42208	-0.62733	 0.07540
-1.80392	-1.48963	-1.87800	-0.60131	-0.49654	-0.62600	 0.07540
-1.61942	-1.69281	-1.87400	-0.53981	-0.56427	-0.62467	 0.07540
-1.41242	-1.87301	-1.87000	-0.47081	-0.62434	-0.62333	 0.07540
-1.18579	-2.02779	-1.86600	-0.39526	-0.67593	-0.62200	 0.07540
-0.94264	-2.15508	-1.86200	-0.31421	-0.71836	-0.62067	 0.07540
-0.68632	-2.25318	-1.85800	-0.22877	-0.75106	-0.61933	 0.07540
-0.42033	-2.32078	-1.85400	-0.14011	-0.77359	-0.61800	 0.07540
-0.14828	-2.35701	-1.85000	-0.04943	-0.78567	-0.61667	 0.07540
 0.12614	-2.36143	-1.84600	 0.04205	-0.78714	-0.61533	 0.07540
 0.39922	-2.33402	-1.84200	 0.13307	-0.77801	-0.61400	 0.07540
 0.66729	-2.27519	-1.83800	 0.22243	-0.75840	-0.61267	 0.07540
 0.92676	-2.18576	-1.83400	 0.30892	-0.72859	-0.61133	 0.07540
 1.17418	-2.06698	-1.83000	 0.39139	-0.68899	-0.61000	 0.07540
 1.40625	-1.92047	-1.82600	 0.46875	-0.64016	-0.60867	 0.07540
 1.61991	-1.74820	-1.82200	 0.53997	-0.58273	-0.60733	 0.07540
 1.81234	-1.55252	-1.81800	 0.60411	-0.51751	-0.60600	 0.07540
 1.98102	-1.33602	-1.81400	 0.66034	-0.44534	-0.60467	 0.07540
 2.12376	-1.10161	-1.81000	 0.70792	-0.36720	-0.60333	 0.07540
 2.23871	-0.85238	-1.80600	 0.74624	-0.28413	-0.60200	 0.07540
 2.32438	-0.59164	-1.80200	 0.77479	-0.19721	-0.60067	 0.07540
 2.37970	-0.32282	-1.79800	 0.79323	-0.10761	-0.59933	 0.07540
 2.40398	-0.04945	-1.79400	 0.80133	-0.01648	-0.59800	 0.07540
 2.39694	 0.22492	-1.79000	 0.79898	 0.07497	-0.59667	 0.07540
 2.35871	 0.49670	-1.78600	 0.78624	 0.16557	-0.59533	 0.07540
 2.28982	 0.76237	-1.78200	 0.76327	 0.25412	-0.59400	 0.07540
 2.19121	 1.01849	-1.77800	 0.73040	 0.33950	-0.59267	 0.07540
 2.06418	 1.26178	-1.77400	 0.68806	 0.42059	-0.59133	 0.07540
 1.91040	 1.48911	-1.77000	 0.63680	 0.49637	-0.59000	 0.07540
 1.73189	 1.69758	-1.76600	 0.57730	 0.56586	-0.58867	 0.07540
 1.53096	 1.88454	-1.76200	 0.51032	 0.62818	-0.58733	 0.07540
 1.31021	 2.04763	-1.75800	 0.43674	 0.68254	-0.58600	 0.07540
 1.07248	 2.18478	-1.75400	 0.35749	 0.72826	-0.58467	 0.07540
 0.82082	 2.29429	-1.75000	 0.27361	 0.76476	-0.58333	 0.07540
 0.55844	 2.37479	-1.74600	 0.18615	 0.79160	-0.58200	 0.07540
 0.28867	 2.42531	-1.74200	 0.09622	 0.80844	-0.58067	 0.07540
 0.01493	 2.44523	-1.73800	 0.00498	 0.81508	-0.57933	 0.07540
-0.25931	 2.43434	-1.73400	-0.08644	 0.81145	-0.57800	 0.07540
-0.53061	 2.39281	-1.73000	-0.17687	 0.79760	-0.57667	 0.07540
-0.79556	 2.32121	-1.72600	-0.26519	 0.77374	-0.57533	 0.07540
-1.05086	 2.22045	-1.72200	-0.35029	 0.74015	-0.57400	 0.07540
-1.29332	 2.09184	-1.71800	-0.43111	 0.69728	-0.57267	 0.07540
-1.51993	 1.93701	-1.71400	-0.50664	 0.64567	-0.57133	 0.07540
-1.72790	 1.75791	-1.71000	-0.57597	 0.58597	-0.57000	 0.07540
-1.91467	 1.55680	-1.70600	-0.63822	 0.51893	-0.56867	 0.07540
-2.07793	 1.33618	-1.70200	-0.69264	 0.44539	-0.56733	 0.07540
-2.21572	 1.09881	-1.69800	-0.73857	 0.36627	-0.56600	 0.07540
-2.32634	 0.84764	-1.69400	-0.77545	 0.28255	-0.56467	 0.07540
-2.40848	 0.58575	-1.69000	-0.80283	 0.19525	-0.56333	 0.07540
-2.46116	 0.31640	-1.68600	-0.82039	 0.10547	-0.56200	 0.07540
-2.48375	 0.04287	-1.68200	-0.82792	 0.01429	-0.56067	 0.07540
-2.47603	-0.23149	-1.67800	-0.82534	-0.07716	-0.55933	 0.07540
-2.43811	-0.50331	-1.67400	-0.81270	-0.16777	-0.55800	 0.07540
-2.37050	-0.76932	-1.67000	-0.79017	-0.25644	-0.55667	 0.07540
-2.27403	-1.02627	-1.66600	-0.75801	-0.34209	-0.55533	 0.07540
-2.14992	-1.27106	-1.66200	-0.71664	-0.42369	-0.55400	 0.07540
-1.99969	-1.50076	-1.65800	-0.66656	-0.50025	-0.55267	 0.07540
-1.82518	-1.71260	-1.65400	-0.60839	-0.57087	-0.55133	 0.07540
-1.62852	-1.90405	-1.65000	-0.54284	-0.63468	-0.55000	 0.07540
-1.41209	-2.07284	-1.64600	-0.47070	-0.69095	-0.54867	 0.07540
-1.17852	-2.21696	-1.64200	-0.39284	-0.73899	-0.54733	 0.07540
-0.93060	-2.33472	-1.63800	-0.31020	-0.77824	-0.54600	 0.07540
-0.67132	-2.42474	-1.63400	-0.22377	-0.80825	-0.54467	 0.07540
-0.40377	-2.48597	-1.63000	-0.13459	-0.82866	-0.54333	 0.07540
-0.13115	-2.51772	-1.62600	-0.04372	-0.83924	-0.54200	 0.07540
 0.14331	-2.51964	-1.62200	 0.04777	-0.83988	-0.54067	 0.07540
 0.41635	-2.49173	-1.61800	 0.13878	-0.83058	-0.53933	 0.07540
 0.68475	-2.43436	-1.61400	 0.22825	-0.81145	-0.53800	 0.07540
 0.94535	-2.34824	-1.61000	 0.31512	-0.78275	-0.53667	 0.07540
 1.19509	-2.23440	-1.60600	 0.39836	-0.74480	-0.53533	 0.07540
 1.43105	-2.09420	-1.60200	 0.47702	-0.69807	-0.53400	 0.07540
 1.65048	-1.92933	-1.59800	 0.55016	-0.64311	-0.53267	 0.07540
 1.85082	-1.74173	-1.59400	 0.61694	-0.58058	-0.53133	 0.07540
 2.02976	-1.53362	-1.59000	 0.67659	-0.51121	-0.53000	 0.07540
 2.18523	-1.30743	-1.58600	 0.72841	-0.43581	-0.52867	 0.07540
 2.31545	-1.06582	-1.58200	 0.77182	-0.35527	-0.52733	 0.07540
 2.41893	-0.81161	-1.57800	 0.80631	-0.27054	-0.52600	 0.07540
 2.49449	-0.54775	-1.57400	 0.83150	-0.18258	-0.52467	 0.07540
 2.54130	-0.27730	-1.57000	 0.84710	-0.09243	-0.52333	 0.07540
 2.55883	-0.00340	-1.56600	 0.85294	-0.00113	-0.52200	 0.07540
 2.54692	 0.27081	-1.56200	 0.84897	 0.09027	-0.52067	 0.07540
 2.50573	 0.54217	-1.55800	 0.83524	 0.18072	-0.51933	 0.07540
 2.43576	 0.80757	-1.55400	 0.81192	 0.26919	-0.51800	 0.07540
 2.33783	 1.06397	-1.55000	 0.77928	 0.35466	-0.51667	 0.07540
 2.21310	 1.30846	-1.54600	 0.73770	 0.43615	-0.51533	 0.07540
 2.06301	 1.53825	-1.54200	 0.68767	 0.51275	-0.51400	 0.07540
 1.88930	 1.75075	-1.53800	 0.62977	 0.58358	-0.51267	 0.07540
 1.69395	 1.94355	-1.53400	 0.56465	 0.64785	-0.51133	 0.07540
 1.47921	 2.11448	-1.53000	 0.49307	 0.70483	-0.51000	 0.07540
 1.24752	 2.26164	-1.52600	 0.41584	 0.75388	-0.50867	 0.07540
 1.00153	 2.38337	-1.52200	 0.33384	 0.79446	-0.50733	 0.07540
 0.74401	 2.47833	-1.51800	 0.24800	 0.82611	-0.50600	 0.07540
 0.47788	 2.54547	-1.51400	 0.15929	 0.84849	-0.50467	 0.07540
 0.20614	 2.58407	-1.51000	 0.06871	 0.86136	-0.50333	 0.07540
-0.06816	 2.59371	-1.50600	-0.02272	 0.86457	-0.50200	 0.07540
-0.34194	 2.57431	-1.50200	-0.11398	 0.85810	-0.50067	 0.07540
-0.61215	 2.52612	-1.49800	-0.20405	 0.84204	-0.49933	 0.07540
-0.87577	 2.44969	-1.49400	-0.29192	 0.81656	-0.49800	 0.07540
-1.12986	 2.34592	-1.49000	-0.37662	 0.78197	-0.49667	 0.07540
-1.37161	 2.21596	-1.48600	-0.45720	 0.73865	-0.49533	 0.07540
-1.59836	 2.06129	-1.48200	-0.53279	 0.68710	-0.49400	 0.07540
-1.80759	 1.88365	-1.47800	-0.60253	 0.62788	-0.49267	 0.07540
-1.99700	 1.68502	-1.47400	-0.66567	 0.56167	-0.49133	 0.07540
-2.16454	 1.46761	-1.47000	-0.72151	 0.48920	-0.49000	 0.07540
-2.30835	 1.23384	-1.46600	-0.76945	 0.41128	-0.48867	 0.07540
-2.42689	 0.98628	-1.46200	-0.80896	 0.32876	-0.48733	 0.07540
-2.51887	 0.72768	-1.45800	-0.83962	 0.24256	-0.48600	 0.07540
-2.58331	 0.46088	-1.45400	-0.86110	 0.15363	-0.48467	 0.07540
-2.61951	 0.18881	-1.45000	-0.87317	 0.06294	-0.48333	 0.07540
-2.62712	-0.08556	-1.44600	-0.87571	-0.02852	-0.48200	 0.07540
-2.60607	-0.35922	-1.44200	-0.86869	-0.11974	-0.48067	 0.07540
-2.55661	-0.62920	-1.43800	-0.85220	-0.20973	-0.47933	 0.07540
-2.47931	-0.89256	-1.43400	-0.82644	-0.29752	-0.47800	 0.07540
-2.37503	-1.14645	-1.43000	-0.79168	-0.38215	-0.47667	 0.07540
-2.24492	-1.38812	-1.42600	-0.74831	-0.46271	-0.47533	 0.07540
-2.09040	-1.61497	-1.42200	-0.69680	-0.53832	-0.47400	 0.07540
-1.91318	-1.82456	-1.41800	-0.63773	-0.60819	-0.47267	 0.07540
-1.71518	-2.01464	-1.41400	-0.57173	-0.67155	-0.47133	 0.07540
-1.49855	-2.18318	-1.41000	-0.49952	-0.72773	-0.47000	 0.07540
-1.26563	-2.32838	-1.40600	-0.42188	-0.77613	-0.46867	 0.07540
-1.01894	-2.44871	-1.40200	-0.33965	-0.81624	-0.46733	 0.07540
-0.76113	-2.54289	-1.39800	-0.25371	-0.84763	-0.46600	 0.07540
-0.49497	-2.60994	-1.39400	-0.16499	-0.86998	-0.46467	 0.07540
-0.22331	-2.64916	-1.39000	-0.07444	-0.88305	-0.46333	 0.07540
 0.05094	-2.66015	-1.38600	 0.01698	-0.88672	-0.46200	 0.07540
 0.32487	-2.64283	-1.38200	 0.10829	-0.88094	-0.46067	 0.07540
 0.59555	-2.59739	-1.37800	 0.19852	-0.86580	-0.45933	 0.07540
 0.86013	-2.52434	-1.37400	 0.28671	-0.84145	-0.45800	 0.07540
 1.11579	-2.42448	-1.37000	 0.37193	-0.80816	-0.45667	 0.07540
 1.35984	-2.29888	-1.36600	 0.45328	-0.76629	-0.45533	 0.07540
 1.58971	-2.14890	-1.36200	 0.52990	-0.71630	-0.45400	 0.07540
 1.80299	-1.97613	-1.35800	 0.60100	-0.65871	-0.45267	 0.07540
 1.99743	-1.78240	-1.35400	 0.66581	-0.59413	-0.45133	 0.07540
 2.17101	-1.56978	-1.35000	 0.72367	-0.52326	-0.45000	 0.07540
 2.32192	-1.34052	-1.34600	 0.77397	-0.44684	-0.44867	 0.07540
 2.44859	-1.09702	-1.34200	 0.81620	-0.36567	-0.44733	 0.07540
 2.54971	-0.84185	-1.33800	 0.84990	-0.28062	-0.44600	 0.07540
 2.62425	-0.57770	-1.33400	 0.87475	-0.19257	-0.44467	 0.07540
 2.67145	-0.30731	-1.33000	 0.89048	-0.10244	-0.44333	 0.07540
 2.69084	-0.03352	-1.32600	 0.89695	-0.01117	-0.44200	 0.07540
 2.68222	 0.24082	-1.32200	 0.89407	 0.08027	-0.44067	 0.07540
 2.64572	 0.51286	-1.31800	 0.88191	 0.17095	-0.43933	 0.07540
 2.58174	 0.77977	-1.31400	 0.86058	 0.25992	-0.43800	 0.07540
 2.49094	 1.03880	-1.31000	 0.83031	 0.34627	-0.43667	 0.07540
 2.37431	 1.28726	-1.30600	 0.79144	 0.42909	-0.43533	 0.07540
 2.23305	 1.52259	-1.30200	 0.74435	 0.50753	-0.43400	 0.07540
 2.06864	 1.74238	-1.29800	 0.68955	 0.58079	-0.43267	 0.07540
 1.88281	 1.94438	-1.29400	 0.62760	 0.64813	-0.43133	 0.07540
 1.67746	 2.12651	-1.29000	 0.55915	 0.70884	-0.43000	 0.07540
 1.45473	 2.28691	-1.28600	 0.48491	 0.76230	-0.42867	 0.07540
 1.21692	 2.42396	-1.28200	 0.40564	 0.80799	-0.42733	 0.07540
 0.96647	 2.53627	-1.27800	 0.32216	 0.84542	-0.42600	 0.07540
 0.70596	 2.62270	-1.27400	 0.23532	 0.87423	-0.42467	 0.07540
 0.43805	 2.68239	-1.27000	 0.14602	 0.89413	-0.42333	 0.07540
 0.16549	 2.71475	-1.26600	 0.05516	 0.90492	-0.42200	 0.07540
-0.10895	 2.71946	-1.26200	-0.03632	 0.90649	-0.42067	 0.07540
-0.38246	 2.69651	-1.25800	-0.12749	 0.89884	-0.41933	 0.07540
-0.65228	 2.64613	-1.25400	-0.21743	 0.88204	-0.41800	 0.07540
-0.91566	 2.56887	-1.25000	-0.30522	 0.85629	-0.41667	 0.07540
-1.16993	 2.46551	-1.24600	-0.38998	 0.82184	-0.41533	 0.07540
-1.41253	 2.33713	-1.24200	-0.47084	 0.77904	-0.41400	 0.07540
-1.64102	 2.18504	-1.23800	-0.54701	 0.72835	-0.41267	 0.07540
-1.85310	 2.01079	-1.23400	-0.61770	 0.67026	-0.41133	 0.07540
-2.04663	 1.81615	-1.23000	-0.68221	 0.60538	-0.41000	 0.07540
-2.21968	 1.60310	-1.22600	-0.73989	 0.53437	-0.40867	 0.07540
-2.37053	 1.37379	-1.22200	-0.79018	 0.45793	-0.40733	 0.07540
-2.49767	 1.13054	-1.21800	-0.83256	 0.37685	-0.40600	 0.07540
-2.59985	 0.87579	-1.21400	-0.86662	 0.29193	-0.40467	 0.07540
-2.67605	 0.61210	-1.21000	-0.89202	 0.20403	-0.40333	 0.07540
-2.72553	 0.34212	-1.20600	-0.90851	 0.11404	-0.40200	 0.07540
-2.74782	 0.06854	-1.20200	-0.91594	 0.02285	-0.40067	 0.07540
-2.74270	-0.20589	-1.19800	-0.91423	-0.06863	-0.39933	 0.07540
-2.71025	-0.47844	-1.19400	-0.90342	-0.15948	-0.39800	 0.07540
-2.65081	-0.74641	-1.19000	-0.88360	-0.24880	-0.39667	 0.07540
-2.56498	-1.00712	-1.18600	-0.85499	-0.33571	-0.39533	 0.07540
-2.45363	-1.25800	-1.18200	-0.81788	-0.41933	-0.39400	 0.07540
-2.31789	-1.49657	-1.17800	-0.77263	-0.49886	-0.39267	 0.07540
-2.15911	-1.72046	-1.17400	-0.71970	-0.57349	-0.39133	 0.07540
-1.97888	-1.92747	-1.17000	-0.65963	-0.64249	-0.39000	 0.07540
-1.77898	-2.11558	-1.16600	-0.59299	-0.70519	-0.38867	 0.07540
-1.56142	-2.28292	-1.16200	-0.52047	-0.76097	-0.38733	 0.07540
-1.32834	-2.42787	-1.15800	-0.44278	-0.80929	-0.38600	 0.07540
-1.08204	-2.54902	-1.15400	-0.36068	-0.84967	-0.38467	 0.07540
-0.82495	-2.64518	-1.15000	-0.27498	-0.88173	-0.38333	 0.07540
-0.55961	-2.71542	-1.14600	-0.18654	-0.90514	-0.38200	 0.07540
-0.28863	-2.75908	-1.14200	-0.09621	-0.91969	-0.38067	 0.07540
-0.01465	-2.77574	-1.13800	-0.00488	-0.92525	-0.37933	 0.07540
 0.25963	-2.76526	-1.13400	 0.08654	-0.92175	-0.37800	 0.07540
 0.53153	-2.72774	-1.13000	 0.17718	-0.90925	-0.37667	 0.07540
 0.79841	-2.66358	-1.12600	 0.26614	-0.88786	-0.37533	 0.07540
 1.05766	-2.57342	-1.12200	 0.35255	-0.85781	-0.37400	 0.07540
 1.30676	-2.45814	-1.11800	 0.43559	-0.81938	-0.37267	 0.07540
 1.54329	-2.31889	-1.11400	 0.51443	-0.77296	-0.37133	 0.07540
 1.76497	-2.15703	-1.11000	 0.58832	-0.71901	-0.37000	 0.07540
 1.96965	-1.97415	-1.10600	 0.65655	-0.65805	-0.36867	 0.07540
 2.15535	-1.77202	-1.10200	 0.71845	-0.59067	-0.36733	 0.07540
 2.32029	-1.55262	-1.09800	 0.77343	-0.51754	-0.36600	 0.07540
 2.46289	-1.31809	-1.09400	 0.82096	-0.43936	-0.36467	 0.07540
 2.58177	-1.07069	-1.09000	 0.86059	-0.35690	-0.36333	 0.07540
 2.67580	-0.81282	-1.08600	 0.89193	-0.27094	-0.36200	 0.07540
 2.74410	-0.54697	-1.08200	 0.91470	-0.18232	-0.36067	 0.07540
 2.78602	-0.27571	-1.07800	 0.92867	-0.09190	-0.35933	 0.07540
 2.80116	-0.00164	-1.07400	 0.93372	-0.00055	-0.35800	 0.07540
 2.78941	 0.27259	-1.07000	 0.92980	 0.09086	-0.35667	 0.07540
 2.75088	 0.54435	-1.06600	 0.91696	 0.18145	-0.35533	 0.07540
 2.68596	 0.81104	-1.06200	 0.89532	 0.27035	-0.35400	 0.07540
 2.59528	 1.07012	-1.05800	 0.86509	 0.35671	-0.35267	 0.07540
 2.47973	 1.31909	-1.05400	 0.82658	 0.43970	-0.35133	 0.07540
 2.34043	 1.55560	-1.05000	 0.78014	 0.51853	-0.35000	 0.07540
 2.17871	 1.77738	-1.04600	 0.72624	 0.59246	-0.34867	 0.07540
 1.99614	 1.98234	-1.04200	 0.66538	 0.66078	-0.34733	 0.07540
 1.79446	 2.16852	-1.03800	 0.59815	 0.72284	-0.34600	 0.07540
 1.57559	 2.33417	-1.03400	 0.52520	 0.77806	-0.34467	 0.07540
 1.34164	 2.47772	-1.03000	 0.44721	 0.82591	-0.34333	 0.07540
 1.09483	 2.59782	-1.02600	 0.36494	 0.86594	-0.34200	 0.07540
 0.83750	 2.69334	-1.02200	 0.27917	 0.89778	-0.34067	 0.07540
 0.57211	 2.76340	-1.01800	 0.19070	 0.92113	-0.33933	 0.07540
 0.30117	 2.80733	-1.01400	 0.10039	 0.93578	-0.33800	 0.07540
 0.02724	 2.82474	-1.01000	 0.00908	 0.94158	-0.33667	 0.07540
-0.24709	 2.81548	-1.00600	-0.08236	 0.93849	-0.33533	 0.07540
-0.51922	 2.77964	-1.00200	-0.17307	 0.92655	-0.33400	 0.07540
-0.78660	 2.71758	-0.99800	-0.26220	 0.90586	-0.33267	 0.07540
-1.04670	 2.62990	-0.99400	-0.34890	 0.87663	-0.33133	 0.07540
-1.29709	 2.51743	-0.99000	-0.43236	 0.83914	-0.33000	 0.07540
-1.53540	 2.38125	-0.98600	-0.51180	 0.79375	-0.32867	 0.07540
-1.75942	 2.22264	-0.98200	-0.58647	 0.74088	-0.32733	 0.07540
-1.96704	 2.04310	-0.97800	-0.65568	 0.68103	-0.32600	 0.07540
-2.15633	 1.84433	-0.97400	-0.71878	 0.61478	-0.32467	 0.07540
-2.32553	 1.62819	-0.97000	-0.77518	 0.54273	-0.32333	 0.07540
-2.47306	 1.39673	-0.96600	-0.82435	 0.46558	-0.32200	 0.07540
-2.59754	 1.15209	-0.96200	-0.86585	 0.38403	-0.32067	 0.07540
-2.69784	 0.89659	-0.95800	-0.89928	 0.29886	-0.31933	 0.07540
-2.77303	 0.63261	-0.95400	-0.92434	 0.21087	-0.31800	 0.07540
-2.82241	 0.36260	-0.95000	-0.94080	 0.12087	-0.31667	 0.07540
-2.84555	 0.08909	-0.94600	-0.94852	 0.02970	-0.31533	 0.07540
-2.84223	-0.18537	-0.94200	-0.94741	-0.06179	-0.31400	 0.07540
-2.81250	-0.45824	-0.93800	-0.93750	-0.15275	-0.31267	 0.07540
-2.75665	-0.72698	-0.93400	-0.91888	-0.24233	-0.31133	 0.07540
-2.67521	-0.98911	-0.93000	-0.89174	-0.32970	-0.31000	 0.07540
-2.56895	-1.24219	-0.92600	-0.85632	-0.41406	-0.30867	 0.07540
-2.43885	-1.48388	-0.92200	-0.81295	-0.49463	-0.30733	 0.07540
-2.28614	-1.71196	-0.91800	-0.76205	-0.57065	-0.30600	 0.07540
-2.11224	-1.92433	-0.91400	-0.70408	-0.64144	-0.30467	 0.07540
-1.91876	-2.11903	-0.91000	-0.63959	-0.70634	-0.30333	 0.07540
-1.70749	-2.29426	-0.90600	-0.56916	-0.76475	-0.30200	 0.07540
-1.48039	-2.44843	-0.90200	-0.49346	-0.81614	-0.30067	 0.07540
-1.23957	-2.58013	-0.89800	-0.41319	-0.86004	-0.29933	 0.07540
-0.98723	-2.68815	-0.89400	-0.32908	-0.89605	-0.29800	 0.07540
-0.72571	-2.77151	-0.89000	-0.24190	-0.92384	-0.29667	 0.07540
-0.45741	-2.82945	-0.88600	-0.15247	-0.94315	-0.29533	 0.07540
-0.18479	-2.86146	-0.88200	-0.06160	-0.95382	-0.29400	 0.07540
 0.08963	-2.86724	-0.87800	 0.02988	-0.95575	-0.29267	 0.07540
 0.36335	-2.84677	-0.87400	 0.12112	-0.94892	-0.29133	 0.07540
 0.63386	-2.80024	-0.87000	 0.21129	-0.93341	-0.29000	 0.07540
 0.89869	-2.72808	-0.86600	 0.29956	-0.90936	-0.28867	 0.07540
 1.15542	-2.63096	-0.86200	 0.38514	-0.87699	-0.28733	 0.07540
 1.40172	-2.50979	-0.85800	 0.46724	-0.83660	-0.28600	 0.07540
 1.63532	-2.36567	-0.85400	 0.54511	-0.78856	-0.28467	 0.07540
 1.85413	-2.19994	-0.85000	 0.61804	-0.73331	-0.28333	 0.07540
 2.05613	-2.01410	-0.84600	 0.68538	-0.67137	-0.28200	 0.07540
 2.23952	-1.80986	-0.84200	 0.74651	-0.60329	-0.28067	 0.07540
 2.40261	-1.58909	-0.83800	 0.80087	-0.52970	-0.27933	 0.07540
 2.54395	-1.35379	-0.83400	 0.84798	-0.45126	-0.27800	 0.07540
 2.66226	-1.10611	-0.83000	 0.88742	-0.36870	-0.27667	 0.07540
 2.75647	-0.84829	-0.82600	 0.91882	-0.28276	-0.27533	 0.07540
 2.82574	-0.58269	-0.82200	 0.94191	-0.19423	-0.27400	 0.07540
 2.86944	-0.31171	-0.81800	 0.95648	-0.10390	-0.27267	 0.07540
 2.88721	-0.03780	-0.81400	 0.96240	-0.01260	-0.27133	 0.07540
 2.87888	 0.23656	-0.81000	 0.95963	 0.07885	-0.27000	 0.07540
 2.84454	 0.50889	-0.80600	 0.94818	 0.16963	-0.26867	 0.07540
 2.78451	 0.77673	-0.80200	 0.92817	 0.25891	-0.26733	 0.07540
 2.69934	 1.03767	-0.79800	 0.89978	 0.34589	-0.26600	 0.07540
 2.58981	 1.28936	-0.79400	 0.86327	 0.42979	-0.26467	 0.07540
 2.45692	 1.52953	-0.79000	 0.81897	 0.50984	-0.26333	 0.07540
 2.30186	 1.75603	-0.78600	 0.76729	 0.58534	-0.26200	 0.07540
 2.12605	 1.96682	-0.78200	 0.70868	 0.65561	-0.26067	 0.07540
 1.93107	 2.16002	-0.77800	 0.64369	 0.72001	-0.25933	 0.07540
 1.71868	 2.33389	-0.77400	 0.57289	 0.77796	-0.25800	 0.07540
 1.49079	 2.48689	-0.77000	 0.49693	 0.82896	-0.25667	 0.07540
 1.24945	 2.61766	-0.76600	 0.41648	 0.87255	-0.25533	 0.07540
 0.99683	 2.72501	-0.76200	 0.33228	 0.90834	-0.25400	 0.07540
 0.73519	 2.80801	-0.75800	 0.24506	 0.93600	-0.25267	 0.07540
 0.46688	 2.86592	-0.75400	 0.15563	 0.95531	-0.25133	 0.07540
 0.19430	 2.89823	-0.75000	 0.06477	 0.96608	-0.25000	 0.07540
-0.08011	 2.90466	-0.74600	-0.02670	 0.96822	-0.24867	 0.07540
-0.35390	 2.88517	-0.74200	-0.11797	 0.96172	-0.24733	 0.07540
-0.62464	 2.83993	-0.73800	-0.20821	 0.94664	-0.24600	 0.07540
-0.88990	 2.76936	-0.73400	-0.29663	 0.92312	-0.24467	 0.07540
-1.14732	 2.67409	-0.73000	-0.38244	 0.89136	-0.24333	 0.07540
-1.39462	 2.55499	-0.72600	-0.46487	 0.85166	-0.24200	 0.07540
-1.62960	 2.41311	-0.72200	-0.54320	 0.80437	-0.24067	 0.07540
-1.85017	 2.24974	-0.71800	-0.61672	 0.74991	-0.23933	 0.07540
-2.05439	 2.06633	-0.71400	-0.68480	 0.68878	-0.23800	 0.07540
-2.24043	 1.86451	-0.71000	-0.74681	 0.62150	-0.23667	 0.07540
-2.40666	 1.64608	-0.70600	-0.80222	 0.54869	-0.23533	 0.07540
-2.55160	 1.41298	-0.70200	-0.85053	 0.47099	-0.23400	 0.07540
-2.67399	 1.16729	-0.69800	-0.89133	 0.38910	-0.23267	 0.07540
-2.77275	 0.91118	-0.69400	-0.92425	 0.30373	-0.23133	 0.07540
-2.84700	 0.64693	-0.69000	-0.94900	 0.21564	-0.23000	 0.07540
-2.89610	 0.37687	-0.68600	-0.96537	 0.12562	-0.22867	 0.07540
-2.91962	 0.10339	-0.68200	-0.97321	 0.03446	-0.22733	 0.07540
-2.91737	-0.17109	-0.67800	-0.97246	-0.05703	-0.22600	 0.07540
-2.88937	-0.44415	-0.67400	-0.96312	-0.14805	-0.22467	 0.07540
-2.83588	-0.71337	-0.67000	-0.94529	-0.23779	-0.22333	 0.07540
-2.75737	-0.97639	-0.66600	-0.91912	-0.32546	-0.22200	 0.07540
-2.65455	-1.23090	-0.66200	-0.88485	-0.41030	-0.22067	 0.07540
-2.52833	-1.47464	-0.65800	-0.84278	-0.49155	-0.21933	 0.07540
-2.37983	-1.70549	-0.65400	-0.79328	-0.56850	-0.21800	 0.07540
-2.21036	-1.92141	-0.65000	-0.73679	-0.64047	-0.21667	 0.07540
-2.02141	-2.12052	-0.64600	-0.67380	-0.70684	-0.21533	 0.07540
-1.81465	-2.30106	-0.64200	-0.60488	-0.76702	-0.21400	 0.07540
-1.59191	-2.46146	-0.63800	-0.53064	-0.82049	-0.21267	 0.07540
-1.35513	-2.60032	-0.63400	-0.45171	-0.86677	-0.21133	 0.07540
-1.10641	-2.71642	-0.63000	-0.36880	-0.90547	-0.21000	 0.07540
-0.84792	-2.80876	-0.62600	-0.28264	-0.93625	-0.20867	 0.07540
-0.58193	-2.87654	-0.62200	-0.19398	-0.95885	-0.20733	 0.07540
-0.31077	-2.91916	-0.61800	-0.10359	-0.97305	-0.20600	 0.07540
-0.03681	-2.93626	-0.61400	-0.01227	-0.97875	-0.20467	 0.07540
 0.23754	-2.92771	-0.61000	 0.07918	-0.97590	-0.20333	 0.07540
 0.50990	-2.89357	-0.60600	 0.16997	-0.96452	-0.20200	 0.07540
 0.77788	-2.83417	-0.60200	 0.25929	-0.94472	-0.20067	 0.07540
 1.03915	-2.75001	-0.59800	 0.34638	-0.91667	-0.19933	 0.07540
 1.29143	-2.64185	-0.59400	 0.43048	-0.88062	-0.19800	 0.07540
 1.53253	-2.51063	-0.59000	 0.51084	-0.83688	-0.19667	 0.07540
 1.76033	-2.35750	-0.58600	 0.58678	-0.78583	-0.19533	 0.07540
 1.97288	-2.18381	-0.58200	 0.65763	-0.72794	-0.19400	 0.07540
 2.16831	-1.99107	-0.57800	 0.72277	-0.66369	-0.19267	 0.07540
 2.34494	-1.78095	-0.57400	 0.78165	-0.59365	-0.19133	 0.07540
 2.50123	-1.55530	-0.57000	 0.83374	-0.51843	-0.19000	 0.07540
 2.63582	-1.31608	-0.56600	 0.87861	-0.43869	-0.18867	 0.07540
 2.74757	-1.06537	-0.56200	 0.91586	-0.35512	-0.18733	 0.07540
 2.83550	-0.80534	-0.55800	 0.94517	-0.26845	-0.18600	 0.07540
 2.89885	-0.53827	-0.55400	 0.96628	-0.17942	-0.18467	 0.07540
 2.93709	-0.26645	-0.55000	 0.97903	-0.08882	-0.18333	 0.07540
 2.94989	 0.00774	-0.54600	 0.98330	 0.00258	-0.18200	 0.07540
 2.93713	 0.28193	-0.54200	 0.97904	 0.09398	-0.18067	 0.07540
 2.89895	 0.55375	-0.53800	 0.96632	 0.18458	-0.17933	 0.07540
 2.83568	 0.82085	-0.53400	 0.94523	 0.27362	-0.17800	 0.07540
 2.74786	 1.08091	-0.53000	 0.91595	 0.36030	-0.17667	 0.07540
 2.63627	 1.33169	-0.52600	 0.87876	 0.44390	-0.17533	 0.07540
 2.50188	 1.57103	-0.52200	 0.83396	 0.52368	-0.17400	 0.07540
 2.34584	 1.79686	-0.51800	 0.78195	 0.59895	-0.17267	 0.07540
 2.16952	 2.00723	-0.51400	 0.72317	 0.66908	-0.17133	 0.07540
 1.97445	 2.20033	-0.51000	 0.65815	 0.73344	-0.17000	 0.07540
 1.76229	 2.37451	-0.50600	 0.58743	 0.79150	-0.16867	 0.07540
 1.53490	 2.52825	-0.50200	 0.51163	 0.84275	-0.16733	 0.07540
 1.29424	 2.66025	-0.49800	 0.43141	 0.88675	-0.16600	 0.07540
 1.04237	 2.76937	-0.49400	 0.34746	 0.92312	-0.16467	 0.07540
 0.78147	 2.85468	-0.49000	 0.26049	 0.95156	-0.16333	 0.07540
 0.51379	 2.91545	-0.48600	 0.17126	 0.97182	-0.16200	 0.07540
 0.24164	 2.95115	-0.48200	 0.08055	 0.98372	-0.16067	 0.07540
-0.03266	 2.96149	-0.47800	-0.01089	 0.98716	-0.15933	 0.07540
-0.30673	 2.94639	-0.47400	-0.10224	 0.98213	-0.15800	 0.07540
-0.57823	 2.90598	-0.47000	-0.19274	 0.96866	-0.15667	 0.07540
-0.84483	 2.84062	-0.46600	-0.28161	 0.94687	-0.15533	 0.07540
-1.10423	 2.75086	-0.46200	-0.36808	 0.91695	-0.15400	 0.07540
-1.35421	 2.63749	-0.45800	-0.45140	 0.87916	-0.15267	 0.07540
-1.59263	 2.50148	-0.45400	-0.53088	 0.83383	-0.15133	 0.07540
-1.81746	 2.34400	-0.45000	-0.60582	 0.78133	-0.15000	 0.07540
-2.02676	 2.16641	-0.44600	-0.67559	 0.72214	-0.14867	 0.07540
-2.21874	 1.97023	-0.44200	-0.73958	 0.65674	-0.14733	 0.07540
-2.39177	 1.75715	-0.43800	-0.79726	 0.58572	-0.14600	 0.07540
-2.54437	 1.52899	-0.43400	-0.84812	 0.50966	-0.14467	 0.07540
-2.67524	 1.28770	-0.43000	-0.89175	 0.42923	-0.14333	 0.07540
-2.78326	 1.03536	-0.42600	-0.92775	 0.34512	-0.14200	 0.07540
-2.86752	 0.77412	-0.42200	-0.95584	 0.25804	-0.14067	 0.07540
-2.92729	 0.50622	-0.41800	-0.97576	 0.16874	-0.13933	 0.07540
-2.96207	 0.23394	-0.41400	-0.98736	 0.07798	-0.13800	 0.07540
-2.97158	-0.04039	-0.41000	-0.99053	-0.01346	-0.13667	 0.07540
-2.95572	-0.31442	-0.40600	-0.98524	-0.10481	-0.13533	 0.07540
-2.91465	-0.58582	-0.40200	-0.97155	-0.19527	-0.13400	 0.07540
-2.84872	-0.85227	-0.39800	-0.94957	-0.28409	-0.13267	 0.07540
-2.75850	-1.11151	-0.39400	-0.91950	-0.37050	-0.13133	 0.07540
-2.64475	-1.36132	-0.39000	-0.88158	-0.45377	-0.13000	 0.07540
-2.50845	-1.59958	-0.38600	-0.83615	-0.53319	-0.12867	 0.07540
-2.35077	-1.82426	-0.38200	-0.78359	-0.60809	-0.12733	 0.07540
-2.17306	-2.03346	-0.37800	-0.72435	-0.67782	-0.12600	 0.07540
-1.97682	-2.22538	-0.37400	-0.65894	-0.74179	-0.12467	 0.07540
-1.76373	-2.39841	-0.37000	-0.58791	-0.79947	-0.12333	 0.07540
-1.53561	-2.55107	-0.36600	-0.51187	-0.85036	-0.12200	 0.07540
-1.29439	-2.68207	-0.36200	-0.43146	-0.89402	-0.12067	 0.07540
-1.04214	-2.79030	-0.35800	-0.34738	-0.93010	-0.11933	 0.07540
-0.78099	-2.87484	-0.35400	-0.26033	-0.95828	-0.11800	 0.07540
-0.51317	-2.93499	-0.35000	-0.17106	-0.97833	-0.11667	 0.07540
-0.24095	-2.97022	-0.34600	-0.08032	-0.99007	-0.11533	 0.07540
 0.03335	-2.98026	-0.34200	 0.01112	-0.99342	-0.11400	 0.07540
 0.30742	-2.96500	-0.33800	 0.10247	-0.98833	-0.11267	 0.07540
 0.57892	-2.92460	-0.33400	 0.19297	-0.97487	-0.11133	 0.07540
 0.84555	-2.85939	-0.33000	 0.28185	-0.95313	-0.11000	 0.07540
 1.10506	-2.76994	-0.32600	 0.36835	-0.92331	-0.10867	 0.07540
 1.35524	-2.65700	-0.32200	 0.45175	-0.88567	-0.10733	 0.07540
 1.59397	-2.52153	-0.31800	 0.53132	-0.84051	-0.10600	 0.07540
 1.81924	-2.36469	-0.31400	 0.60641	-0.78823	-0.10467	 0.07540
 2.02914	-2.18781	-0.31000	 0.67638	-0.72927	-0.10333	 0.07540
 2.22189	-1.99238	-0.30600	 0.74063	-0.66413	-0.10200	 0.07540
 2.39587	-1.78006	-0.30200	 0.79862	-0.59335	-0.10067	 0.07540
 2.54960	-1.55266	-0.29800	 0.84987	-0.51755	-0.09933	 0.07540
 2.68178	-1.31210	-0.29400	 0.89393	-0.43737	-0.09800	 0.07540
 2.79132	-1.06040	-0.29000	 0.93044	-0.35347	-0.09667	 0.07540
 2.87727	-0.79972	-0.28600	 0.95909	-0.26657	-0.09533	 0.07540
 2.93891	-0.53224	-0.28200	 0.97964	-0.17741	-0.09400	 0.07540
 2.97573	-0.26023	-0.27800	 0.99191	-0.08674	-0.09267	 0.07540
 2.98743	 0.01401	-0.27400	 0.99581	 0.00467	-0.09133	 0.07540
 2.97390	 0.28817	-0.27000	 0.99130	 0.09606	-0.09000	 0.07540
 2.93526	 0.55993	-0.26600	 0.97842	 0.18664	-0.08867	 0.07540
 2.87184	 0.82699	-0.26200	 0.95728	 0.27566	-0.08733	 0.07540
 2.78417	 1.08711	-0.25800	 0.92806	 0.36237	-0.08600	 0.07540
 2.67302	 1.33809	-0.25400	 0.89101	 0.44603	-0.08467	 0.07540
 2.53930	 1.57780	-0.25000	 0.84643	 0.52593	-0.08333	 0.07540
 2.38415	 1.80424	-0.24600	 0.79472	 0.60141	-0.08200	 0.07540
 2.20889	 2.01550	-0.24200	 0.73630	 0.67183	-0.08067	 0.07540
 2.01499	 2.20979	-0.23800	 0.67166	 0.73660	-0.07933	 0.07540
 1.80409	 2.38548	-0.23400	 0.60136	 0.79516	-0.07800	 0.07540
 1.57797	 2.54109	-0.23000	 0.52599	 0.84703	-0.07667	 0.07540
 1.33853	 2.67531	-0.22600	 0.44618	 0.89177	-0.07533	 0.07540
 1.08780	 2.78701	-0.22200	 0.36260	 0.92900	-0.07400	 0.07540
 0.82788	 2.87526	-0.21800	 0.27596	 0.95842	-0.07267	 0.07540
 0.56096	 2.93931	-0.21400	 0.18699	 0.97977	-0.07133	 0.07540
 0.28930	 2.97862	-0.21000	 0.09643	 0.99287	-0.07000	 0.07540
 0.01518	 2.99288	-0.20600	 0.00506	 0.99763	-0.06867	 0.07540
-0.25909	 2.98196	-0.20200	-0.08636	 0.99399	-0.06733	 0.07540
-0.53121	 2.94595	-0.19800	-0.17707	 0.98198	-0.06600	 0.07540
-0.79889	 2.88516	-0.19400	-0.26630	 0.96172	-0.06467	 0.07540
-1.05987	 2.80010	-0.19000	-0.35329	 0.93337	-0.06333	 0.07540
-1.31196	 2.69150	-0.18600	-0.43732	 0.89717	-0.06200	 0.07540
-1.55304	 2.56026	-0.18200	-0.51768	 0.85342	-0.06067	 0.07540
-1.78109	 2.40749	-0.17800	-0.59370	 0.80250	-0.05933	 0.07540
-1.99420	 2.23448	-0.17400	-0.66473	 0.74483	-0.05800	 0.07540
-2.19056	 2.04268	-0.17000	-0.73019	 0.68089	-0.05667	 0.07540
-2.36854	 1.83371	-0.16600	-0.78951	 0.61124	-0.05533	 0.07540
-2.52663	 1.60932	-0.16200	-0.84221	 0.53644	-0.05400	 0.07540
-2.66352	 1.37139	-0.15800	-0.88784	 0.45713	-0.05267	 0.07540
-2.77805	 1.12194	-0.15400	-0.92602	 0.37398	-0.05133	 0.07540
-2.86926	 0.86304	-0.15000	-0.95642	 0.28768	-0.05000	 0.07540
-2.93639	 0.59689	-0.14600	-0.97880	 0.19896	-0.04867	 0.07540
-2.97888	 0.32571	-0.14200	-0.99296	 0.10857	-0.04733	 0.07540
-2.99638	 0.05177	-0.13800	-0.99879	 0.01726	-0.04600	 0.07540
-2.98873	-0.22261	-0.13400	-0.99624	-0.07420	-0.04467	 0.07540
-2.95600	-0.49515	-0.13000	-0.98533	-0.16505	-0.04333	 0.07540
-2.89847	-0.76354	-0.12600	-0.96616	-0.25451	-0.04200	 0.07540
-2.81662	-1.02555	-0.12200	-0.93887	-0.34185	-0.04067	 0.07540
-2.71115	-1.27896	-0.11800	-0.90372	-0.42632	-0.03933	 0.07540
-2.58293	-1.52167	-0.11400	-0.86098	-0.50722	-0.03800	 0.07540
-2.43305	-1.75162	-0.11000	-0.81102	-0.58387	-0.03667	 0.07540
-2.26275	-1.96690	-0.10600	-0.75425	-0.65563	-0.03533	 0.07540
-2.07348	-2.16570	-0.10200	-0.69116	-0.72190	-0.03400	 0.07540
-1.86682	-2.34636	-0.09800	-0.62227	-0.78212	-0.03267	 0.07540
-1.64449	-2.50735	-0.09400	-0.54816	-0.83578	-0.03133	 0.07540
-1.40838	-2.64733	-0.09000	-0.46946	-0.88244	-0.03000	 0.07540
-1.16045	-2.76513	-0.08600	-0.38682	-0.92171	-0.02867	 0.07540
-0.90279	-2.85976	-0.08200	-0.30093	-0.95325	-0.02733	 0.07540
-0.63755	-2.93043	-0.07800	-0.21252	-0.97681	-0.02600	 0.07540
-0.36696	-2.97655	-0.07400	-0.12232	-0.99218	-0.02467	 0.07540
-0.09329	-2.99773	-0.07000	-0.03110	-0.99924	-0.02333	 0.07540
 0.18118	-2.99380	-0.06600	 0.06039	-0.99793	-0.02200	 0.07540
 0.45413	-2.96478	-0.06200	 0.15138	-0.98826	-0.02067	 0.07540
 0.72329	-2.91093	-0.05800	 0.24110	-0.97031	-0.01933	 0.07540
 0.98639	-2.83269	-0.05400	 0.32880	-0.94423	-0.01800	 0.07540
 1.24124	-2.73072	-0.05000	 0.41375	-0.91024	-0.01667	 0.07540
 1.48570	-2.60587	-0.04600	 0.49523	-0.86862	-0.01533	 0.07540
 1.71772	-2.45920	-0.04200	 0.57257	-0.81973	-0.01400	 0.07540
 1.93536	-2.29193	-0.03800	 0.64512	-0.76398	-0.01267	 0.07540
 2.13679	-2.10546	-0.03400	 0.71226	-0.70182	-0.01133	 0.07540
 2.32033	-1.90136	-0.03000	 0.77344	-0.63379	-0.01000	 0.07540
 2.48444	-1.68133	-0.02600	 0.82815	-0.56044	-0.00867	 0.07540
 2.62775	-1.44722	-0.02200	 0.87592	-0.48241	-0.00733	 0.07540
 2.74906	-1.20099	-0.01800	 0.91635	-0.40033	-0.00600	 0.07540
 2.84734	-0.94469	-0.01400	 0.94911	-0.31490	-0.00467	 0.07540
 2.92179	-0.68049	-0.01000	 0.97393	-0.22683	-0.00333	 0.07540
 2.97176	-0.41059	-0.00600	 0.99059	-0.13686	-0.00200	 0.07540
 2.99686	-0.13725	-0.00200	 0.99895	-0.04575	-0.00067	 0.07540
 2.99686	 0.13725	 0.00200	 0.99895	 0.04575	 0.00067	 0.07540
 2.97176	 0.41059	 0.00600	 0.99059	 0.13686	 0.00200	 0.07540
 2.92179	 0.68049	 0.01000	 0.97393	 0.22683	 0.00333	 0.07540
 2.84734	 0.94469	 0.01400	 0.94911	 0.31490	 0.00467	 0.07540
 2.74906	 1.20099	 0.01800	 0.91635	 0.40033	 0.00600	 0.07540
 2.62775	 1.44722	 0.02200	 0.87592	 0.48241	 0.00733	 0.07540
 2.48444	 1.68133	 0.02600	 0.82815	 0.56044	 0.00867	 0.07540
 2.32033	 1.90136	 0.03000	 0.77344	 0.63379	 0.01000	 0.07540
 2.13679	 2.10546	 0.03400	 0.71226	 0.70182	 0.01133	 0.07540
 1.93536	 2.29193	 0.03800	 0.64512	 0.76398	 0.01267	 0.07540
 1.71772	 2.45920	 0.04200	 0.57257	 0.81973	 0.01400	 0.07540
 1.48570	 2.60587	 0.04600	 0.49523	 0.86862	 0.01533	 0.07540
 1.24124	 2.73072	 0.05000	 0.41375	 0.91024	 0.01667	 0.07540
 0.98639	 2.83269	 0.05400	 0.32880	 0.94423	 0.01800	 0.07540
 0.72329	 2.91093	 0.05800	 0.24110	 0.97031	 0.01933	 0.07540
 0.45413	 2.96478	 0.06200	 0.15138	 0.98826	 0.02067	 0.07540
 0.18118	 2.99380	 0.06600	 0.06039	 0.99793	 0.02200	 0.07540
-0.09329	 2.99773	 0.07000	-0.03110	 0.99924	 0.02333	 0.07540
-0.36696	 2.97655	 0.07400	-0.12232	 0.99218	 0.02467	 0.07540
-0.63755	 2.93043	 0.07800	-0.21252	 0.97681	 0.02600	 0.07540
-0.90279	 2.85976	 0.08200	-0.30093	 0.95325	 0.02733	 0.07540
-1.16045	 2.76513	 0.08600	-0.38682	 0.92171	 0.02867	 0.07540
-1.40838	 2.64733	 0.09000	-0.46946	 0.88244	 0.03000	 0.07540
-1.64449	 2.50735	 0.09400	-0.54816	 0.83578	 0.03133	 0.07540
-1.86682	 2.34636	 0.09800	-0.62227	 0.78212	 0.03267	 0.07540
-2.07348	 2.16570	 0.10200	-0.69116	 0.72190	 0.03400	 0.07540
-2.26275	 1.96690	 0.10600	-0.75425	 0.65563	 0.03533	 0.07540
-2.43305	 1.75162	 0.11000	-0.81102	 0.58387	 0.03667	 0.07540
-2.58293	 1.52167	 0.11400	-0.86098	 0.50722	 0.03800	 0.07540
-2.71115	 1.27896	 0.11800	-0.90372	 0.42632	 0.03933	 0.07540
-2.81662	 1.02555	 0.12200	-0.93887	 0.34185	 0.04067	 0.07540
-2.89847	 0.76354	 0.12600	-0.96616	 0.25451	 0.04200	 0.07540
-2.95600	 0.49515	 0.13000	-0.98533	 0.16505	 0.04333	 0.07540
-2.98873	 0.22261	 0.13400	-0.99624	 0.07420	 0.04467	 0.07540
-2.99638	-0.05177	 0.13800	-0.99879	-0.01726	 0.04600	 0.07540
-2.97888	-0.32571	 0.14200	-0.99296	-0.10857	 0.04733	 0.07540
-2.93639	-0.59689	 0.14600	-0.97880	-0.19896	 0.04867	 0.07540
-2.86926	-0.86304	 0.15000	-0.95642	-0.28768	 0.05000	 0.07540
-2.77805	-1.12194	 0.15400	-0.92602	-0.37398	 0.05133	 0.07540
-2.66352	-1.37139	 0.15800	-0.88784	-0.45713	 0.05267	 0.07540
-2.52663	-1.60932	 0.16200	-0.84221	-0.53644	 0.05400	 0.07540
-2.36854	-1.83371	 0.16600	-0.78951	-0.61124	 0.05533	 0.07540
-2.19056	-2.04268	 0.17000	-0.73019	-0.68089	 0.05667	 0.07540
-1.99420	-2.23448	 0.17400	-0.66473	-0.74483	 0.05800	 0.07540
-1.78109	-2.40749	 0.17800	-0.59370	-0.80250	 0.05933	 0.07540
-1.55304	-2.56026	 0.18200	-0.51768	-0.85342	 0.06067	 0.07540
-1.31196	-2.69150	 0.18600	-0.43732	-0.89717	 0.06200	 0.07540
-1.05987	-2.80010	 0.19000	-0.35329	-0.93337	 0.06333	 0.07540
-0.79889	-2.88516	 0.19400	-0.26630	-0.96172	 0.06467	 0.07540
-0.53121	-2.94595	 0.19800	-0.17707	-0.98198	 0.06600	 0.07540
-0.25909	-2.98196	 0.20200	-0.08636	-0.99399	 0.06733	 0.07540
 0.01518	-2.99288	 0.20600	 0.00506	-0.99763	 0.06867	 0.07540
 0.28930	-2.97862	 0.21000	 0.09643	-0.99287	 0.07000	 0.07540
 0.56096	-2.93931	 0.21400	 0.18699	-0.97977	 0.07133	 0.07540
 0.82788	-2.87526	 0.21800	 0.27596	-0.95842	 0.07267	 0.07540
 1.08780	-2.78701	 0.22200	 0.36260	-0.92900	 0.07400	 0.07540
 1.33853	-2.67531	 0.22600	 0.44618	-0.89177	 0.07533	 0.07540
 1.57797	-2.54109	 0.23000	 0.52599	-0.84703	 0.07667	 0.07540
 1.80409	-2.38548	 0.23400	 0.60136	-0.79516	 0.07800	 0.07540
 2.01499	-2.20979	 0.23800	 0.67166	-0.73660	 0.07933	 0.07540
 2.20889	-2.01550	 0.24200	 0.73630	-0.67183	 0.08067	 0.07540
 2.38415	-1.80424	 0.24600	 0.79472	-0.60141	 0.08200	 0.07540
 2.53930	-1.57780	 0.25000	 0.84643	-0.52593	 0.08333	 0.07540
 2.67302	-1.33809	 0.25400	 0.89101	-0.44603	 0.08467	 0.07540
 2.78417	-1.08711	 0.25800	 0.92806	-0.36237	 0.08600	 0.07540
 2.87184	-0.82699	 0.26200	 0.95728	-0.27566	 0.08733	 0.07540
 2.93526	-0.55993	 0.26600	 0.97842	-0.18664	 0.08867	 0.07540
 2.97390	-0.28817	 0.27000	 0.99130	-0.09606	 0.09000	 0.07540
 2.98743	-0.01401	 0.27400	 0.99581	-0.00467	 0.09133	 0.07540
 2.97573	 0.26023	 0.27800	 0.99191	 0.08674	 0.09267	 0.07540
 2.93891	 0.53224	 0.28200	 0.97964	 0.17741	 0.09400	 0.07540
 2.87727	 0.79972	 0.28600	 0.95909	 0.26657	 0.09533	 0.07540
 2.79132	 1.06040	 0.29000	 0.93044	 0.35347	 0.09667	 0.07540
 2.68178	 1.31210	 0.29400	 0.89393	 0.43737	 0.09800	 0.07540
 2.54960	 1.55266	 0.29800	 0.84987	 0.51755	 0.09933	 0.07540
 2.39587	 1.78006	 0.30200	 0.79862	 0.59335	 0.10067	 0.07540
 2.22189	 1.99238	 0.30600	 0.74063	 0.66413	 0.10200	 0.07540
 2.02914	 2.18781	 0.31000	 0.67638	 0.72927	 0.10333	 0.07540
 1.81924	 2.36469	 0.31400	 0.60641	 0.78823	 0.10467	 0.07540
 1.59397	 2.52153	 0.31800	 0.53132	 0.84051	 0.10600	 0.07540
 1.35524	 2.65700	 0.32200	 0.45175	 0.88567	 0.10733	 0.07540
 1.10506	 2.76994	 0.32600	 0.36835	 0.92331	 0.10867	 0.07540
 0.84555	 2.85939	 0.33000	 0.28185	 0.95313	 0.11000	 0.07540
 0.57892	 2.92460	 0.33400	 0.19297	 0.97487	 0.11133	 0.07540
 0.30742	 2.96500	 0.33800	 0.10247	 0.98833	 0.11267	 0.07540
 0.03335	 2.98026	 0.34200	 0.01112	 0.99342	 0.11400	 0.07540
-0.24095	 2.97022	 0.34600	-0.08032	 0.99007	 0.11533	 0.07540
-0.51317	 2.93499	 0.35000	-0.17106	 0.97833	 0.11667	 0.07540
-0.78099	 2.87484	 0.35400	-0.26033	 0.95828	 0.11800	 0.07540
-1.04214	 2.79030	 0.35800	-0.34738	 0.93010	 0.11933	 0.07540
-1.29439	 2.68207	 0.36200	-0.43146	 0.89402	 0.12067	 0.07540
-1.53561	 2.55107	 0.36600	-0.51187	 0.85036	 0.12200	 0.07540
-1.76373	 2.39841	 0.37000	-0.58791	 0.79947	 0.12333	 0.07540
-1.97682	 2.22538	 0.37400	-0.65894	 0.74179	 0.12467	 0.07540
-2.17306	 2.03346	 0.37800	-0.72435	 0.67782	 0.12600	 0.07540
-2.35077	 1.82426	 0.38200	-0.78359	 0.60809	 0.12733	 0.07540
-2.50845	 1.59958	 0.38600	-0.83615	 0.53319	 0.12867	 0.07540
-2.64475	 1.36132	 0.39000	-0.88158	 0.45377	 0.13000	 0.07540
-2.75850	 1.11151	 0.39400	-0.91950	 0.37050	 0.13133	 0.07540
-2.84872	 0.85227	 0.39800	-0.94957	 0.28409	 0.13267	 0.07540
-2.91465	 0.58582	 0.40200	-0.97155	 0.19527	 0.13400	 0.07540
-2.95572	 0.31442	 0.40600	-0.98524	 0.10481	 0.13533	 0.07540
-2.97158	 0.04039	 0.41000	-0.99053	 0.01346	 0.13667	 0.07540
-2.96207	-0.23394	 0.41400	-0.98736	-0.07798	 0.13800	 0.07540
-2.92729	-0.50622	 0.41800	-0.97576	-0.16874	 0.13933	 0.07540
-2.86752	-0.77412	 0.42200	-0.95584	-0.25804	 0.14067	 0.07540
-2.78326	-1.03536	 0.42600	-0.92775	-0.34512	 0.14200	 0.07540
-2.67524	-1.28770	 0.43000	-0.89175	-0.42923	 0.14333	 0.07540
-2.54437	-1.52899	 0.43400	-0.84812	-0.50966	 0.14467	 0.07540
-2.39177	-1.75715	 0.43800	-0.79726	-0.58572	 0.14600	 0.07540
-2.21874	-1.97023	 0.44200	-0.73958	-0.65674	 0.14733	 0.07540
-2.02676	-2.16641	 0.44600	-0.67559	-0.72214	 0.14867	 0.07540
-1.81746	-2.34400	 0.45000	-0.60582	-0.78133	 0.15000	 0.07540
-1.59263	-2.50148	 0.45400	-0.53088	-0.83383	 0.15133	 0.07540
-1.35421	-2.63749	 0.45800	-0.45140	-0.87916	 0.15267	 0.07540
-1.10423	-2.75086	 0.46200	-0.36808	-0.91695	 0.15400	 0.07540
-0.84483	-2.84062	 0.46600	-0.28161	-0.94687	 0.15533	 0.07540
-0.57823	-2.90598	 0.47000	-0.19274	-0.96866	 0.15667	 0.07540
-0.30673	-2.94639	 0.47400	-0.10224	-0.98213	 0.15800	 0.07540
-0.03266	-2.96149	 0.47800	-0.01089	-0.98716	 0.15933	 0.07540
 0.24164	-2.95115	 0.48200	 0.08055	-0.98372	 0.16067	 0.07540
 0.51379	-2.91545	 0.48600	 0.17126	-0.97182	 0.16200	 0.07540
 0.78147	-2.85468	 0.49000	 0.26049	-0.95156	 0.16333	 0.07540
 1.04237	-2.76937	 0.49400	 0.34746	-0.92312	 0.16467	 0.07540
 1.29424	-2.66025	 0.49800	 0.43141	-0.88675	 0.16600	 0.07540
 1.53490	-2.52825	 0.50200	 0.51163	-0.84275	 0.16733	 0.07540
 1.76229	-2.37451	 0.50600	 0.58743	-0.79150	 0.16867	 0.07540
 1.97445	-2.20033	 0.51000	 0.65815	-0.73344	 0.17000	 0.07540
 2.16952	-2.00723	 0.51400	 0.72317	-0.66908	 0.17133	 0.07540
 2.34584	-1.79686	 0.51800	 0.78195	-0.59895	 0.17267	 0.07540
 2.50188	-1.57103	 0.52200	 0.83396	-0.52368	 0.17400	 0.07540
 2.63627	-1.33169	 0.52600	 0.87876	-0.44390	 0.17533	 0.07540
 2.74786	-1.08091	 0.53000	 0.91595	-0.36030	 0.17667	 0.07540
 2.83568	-0.82085	 0.53400	 0.94523	-0.27362	 0.17800	 0.07540
 2.89895	-0.55375	 0.53800	 0.96632	-0.18458	 0.17933	 0.07540
 2.93713	-0.28193	 0.54200	 0.97904	-0.09398	 0.18067	 0.07540
 2.94989	-0.00774	 0.54600	 0.98330	-0.00258	 0.18200	 0.07540
 2.93709	 0.26645	 0.55000	 0.97903	 0.08882	 0.18333	 0.07540
 2.89885	 0.53827	 0.55400	 0.96628	 0.17942	 0.18467	 0.07540
 2.83550	 0.80534	 0.55800	 0.94517	 0.26845	 0.18600	 0.07540
 2.74757	 1.06537	 0.56200	 0.91586	 0.35512	 0.18733	 0.07540
 2.63582	 1.31608	 0.56600	 0.87861	 0.43869	 0.18867	 0.07540
 2.50123	 1.55530	 0.57000	 0.83374	 0.51843	 0.19000	 0.07540
 2.34494	 1.78095	 0.57400	 0.78165	 0.59365	 0.19133	 0.07540
 2.16831	 1.99107	 0.57800	 0.72277	 0.66369	 0.19267	 0.07540
 1.97288	 2.18381	 0.58200	 0.65763	 0.72794	 0.19400	 0.07540
 1.76033	 2.35750	 0.58600	 0.58678	 0.78583	 0.19533	 0.07540
 1.53253	 2.51063	 0.59000	 0.51084	 0.83688	 0.19667	 0.07540
 1.29143	 2.64185	 0.59400	 0.43048	 0.88062	 0.19800	 0.07540
 1.03915	 2.75001	 0.59800	 0.34638	 0.91667	 0.19933	 0.07540
 0.77788	 2.83417	 0.60200	 0.25929	 0.94472	 0.20067	 0.07540
 0.50990	 2.89357	 0.60600	 0.16997	 0.96452	 0.20200	 0.07540
 0.23754	 2.92771	 0.61000	 0.07918	 0.97590	 0.20333	 0.07540
-0.03681	 2.93626	 0.61400	-0.01227	 0.97875	 0.20467	 0.07540
-0.31077	 2.91916	 0.61800	-0.10359	 0.97305	 0.20600	 0.07540
-0.58193	 2.87654	 0.62200	-0.19398	 0.95885	 0.20733	 0.07540
-0.84792	 2.80876	 0.62600	-0.28264	 0.93625	 0.20867	 0.07540
-1.10641	 2.71642	 0.63000	-0.36880	 0.90547	 0.21000	 0.07540
-1.35513	 2.60032	 0.63400	-0.45171	 0.86677	 0.21133	 0.07540
-1.59191	 2.46146	 0.63800	-0.53064	 0.82049	 0.21267	 0.07540
-1.81465	 2.30106	 0.64200	-0.60488	 0.76702	 0.21400	 0.07540
-2.02141	 2.12052	 0.64600	-0.67380	 0.70684	 0.21533	 0.07540
-2.21036	 1.92141	 0.65000	-0.73679	 0.64047	 0.21667	 0.07540
-2.37983	 1.70549	 0.65400	-0.79328	 0.56850	 0.21800	 0.07540
-2.52833	 1.47464	 0.65800	-0.84278	 0.49155	 0.21933	 0.07540
-2.65455	 1.23090	 0.66200	-0.88485	 0.41030	 0.22067	 0.07540
-2.75737	 0.97639	 0.66600	-0.91912	 0.32546	 0.22200	 0.07540
-2.83588	 0.71337	 0.67000	-0.94529	 0.23779	 0.22333	 0.07540
-2.88937	 0.44415	 0.67400	-0.96312	 0.14805	 0.22467	 0.07540
-2.91737	 0.17109	 0.67800	-0.97246	 0.05703	 0.22600	 0.07540
-2.91962	-0.10339	 0.68200	-0.97321	-0.03446	 0.22733	 0.07540
-2.89610	-0.37687	 0.68600	-0.96537	-0.12562	 0.22867	 0.07540
-2.84700	-0.64693	 0.69000	-0.94900	-0.21564	 0.23000	 0.07540
-2.77275	-0.91118	 0.69400	-0.92425	-0.30373	 0.23133	 0.07540
-2.67399	-1.16729	 0.69800	-0.89133	-0.38910	 0.23267	 0.07540
-2.55160	-1.41298	 0.70200	-0.85053	-0.47099	 0.23400	 0.07540
-2.40666	-1.64608	 0.70600	-0.80222	-0.54869	 0.23533	 0.07540
-2.24043	-1.86451	 0.71000	-0.74681	-0.62150	 0.23667	 0.07540
-2.05439	-2.06633	 0.71400	-0.68480	-0.68878	 0.23800	 0.07540
-1.85017	-2.24974	 0.71800	-0.61672	-0.74991	 0.23933	 0.07540
-1.62960	-2.41311	 0.72200	-0.54320	-0.80437	 0.24067	 0.07540
-1.39462	-2.55499	 0.72600	-0.46487	-0.85166	 0.24200	 0.07540
-1.14732	-2.67409	 0.73000	-0.38244	-0.89136	 0.24333	 0.07540
-0.88990	-2.76936	 0.73400	-0.29663	-0.92312	 0.24467	 0.07540
-0.62464	-2.83993	 0.73800	-0.20821	-0.94664	 0.24600	 0.07540
-0.35390	-2.88517	 0.74200	-0.11797	-0.96172	 0.24733	 0.07540
-0.08011	-2.90466	 0.74600	-0.02670	-0.96822	 0.24867	 0.07540
 0.19430	-2.89823	 0.75000	 0.06477	-0.96608	 0.25000	 0.07540
 0.46688	-2.86592	 0.75400	 0.15563	-0.95531	 0.25133	 0.07540
 0.73519	-2.80801	 0.75800	 0.24506	-0.93600	 0.25267	 0.07540
 0.99683	-2.72501	 0.76200	 0.33228	-0.90834	 0.25400	 0.07540
 1.24945	-2.61766	 0.76600	 0.41648	-0.87255	 0.25533	 0.07540
 1.49079	-2.48689	 0.77000	 0.49693	-0.82896	 0.25667	 0.07540
 1.71868	-2.33389	 0.77400	 0.57289	-0.77796	 0.25800	 0.07540
 1.93107	-2.16002	 0.77800	 0.64369	-0.72001	 0.25933	 0.07540
 2.12605	-1.96682	 0.78200	 0.70868	-0.65561	 0.26067	 0.07540
 2.30186	-1.75603	 0.78600	 0.76729	-0.58534	 0.26200	 0.07540
 2.45692	-1.52953	 0.79000	 0.81897	-0.50984	 0.26333	 0.07540
 2.58981	-1.28936	 0.79400	 0.86327	-0.42979	 0.26467	 0.07540
 2.69934	-1.03767	 0.79800	 0.89978	-0.34589	 0.26600	 0.07540
 2.78451	-0.77673	 0.80200	 0.92817	-0.25891	 0.26733	 0.07540
 2.84454	-0.50889	 0.80600	 0.94818	-0.16963	 0.26867	 0.07540
 2.87888	-0.23656	 0.81000	 0.95963	-0.07885	 0.27000	 0.07540
 2.88721	 0.03780	 0.81400	 0.96240	 0.01260	 0.27133	 0.07540
 2.86944	 0.31171	 0.81800	 0.95648	 0.10390	 0.27267	 0.07540
 2.82574	 0.58269	 0.82200	 0.94191	 0.19423	 0.27400	 0.07540
 2.75647	 0.84829	 0.82600	 0.91882	 0.28276	 0.27533	 0.07540
 2.66226	 1.10611	 0.83000	 0.88742	 0.36870	 0.27667	 0.07540
 2.54395	 1.35379	 0.83400	 0.84798	 0.45126	 0.27800	 0.07540
 2.40261	 1.58909	 0.83800	 0.80087	 0.52970	 0.27933	 0.07540
 2.23952	 1.80986	 0.84200	 0.74651	 0.60329	 0.28067	 0.07540
 2.05613	 2.01410	 0.84600	 0.68538	 0.67137	 0.28200	 0.07540
 1.85413	 2.19994	 0.85000	 0.61804	 0.73331	 0.28333	 0.07540
 1.63532	 2.36567	 0.85400	 0.54511	 0.78856	 0.28467	 0.07540
 1.40172	 2.50979	 0.85800	 0.46724	 0.83660	 0.28600	 0.07540
 1.15542	 2.63096	 0.86200	 0.38514	 0.87699	 0.28733	 0.07540
 0.89869	 2.72808	 0.86600	 0.29956	 0.90936	 0.28867	 0.07540
 0.63386	 2.80024	 0.87000	 0.21129	 0.93341	 0.29000	 0.07540
 0.36335	 2.84677	 0.87400	 0.12112	 0.94892	 0.29133	 0.07540
 0.08963	 2.86724	 0.87800	 0.02988	 0.95575	 0.29267	 0.07540
-0.18479	 2.86146	 0.88200	-0.06160	 0.95382	 0.29400	 0.07540
-0.45741	 2.82945	 0.88600	-0.15247	 0.94315	 0.29533	 0.07540
-0.72571	 2.77151	 0.89000	-0.24190	 0.92384	 0.29667	 0.07540
-0.98723	 2.68815	 0.89400	-0.32908	 0.89605	 0.29800	 0.07540
-1.23957	 2.58013	 0.89800	-0.41319	 0.86004	 0.29933	 0.07540
-1.48039	 2.44843	 0.90200	-0.49346	 0.81614	 0.30067	 0.07540
-1.70749	 2.29426	 0.90600	-0.56916	 0.76475	 0.30200	 0.07540
-1.91876	 2.11903	 0.91000	-0.63959	 0.70634	 0.30333	 0.07540
-2.11224	 1.92433	 0.91400	-0.70408	 0.64144	 0.30467	 0.07540
-2.28614	 1.71196	 0.91800	-0.76205	 0.57065	 0.30600	 0.07540
-2.43885	 1.48388	 0.92200	-0.81295	 0.49463	 0.30733	 0.07540
-2.56895	 1.24219	 0.92600	-0.85632	 0.41406	 0.30867	 0.07540
-2.67521	 0.98911	 0.93000	-0.89174	 0.32970	 0.31000	 0.07540
-2.75665	 0.72698	 0.93400	-0.91888	 0.24233	 0.31133	 0.07540
-2.81250	 0.45824	 0.93800	-0.93750	 0.15275	 0.31267	 0.07540
-2.84223	 0.18537	 0.94200	-0.94741	 0.06179	 0.31400	 0.07540
-2.84555	-0.08909	 0.94600	-0.94852	-0.02970	 0.31533	 0.07540
-2.82241	-0.36260	 0.95000	-0.94080	-0.12087	 0.31667	 0.07540
-2.77303	-0.63261	 0.95400	-0.92434	-0.21087	 0.31800	 0.07540
-2.69784	-0.89659	 0.95800	-0.89928	-0.29886	 0.31933	 0.07540
-2.59754	-1.15209	 0.96200	-0.86585	-0.38403	 0.32067	 0.07540
-2.47306	-1.39673	 0.96600	-0.82435	-0.46558	 0.32200	 0.07540
-2.32553	-1.62819	 0.97000	-0.77518	-0.54273	 0.32333	 0.07540
-2.15633	-1.84433	 0.97400	-0.71878	-0.61478	 0.32467	 0.07540
-1.96704	-2.04310	 0.97800	-0.65568	-0.68103	 0.32600	 0.07540
-1.75942	-2.22264	 0.98200	-0.58647	-0.74088	 0.32733	 0.07540
-1.53540	-2.38125	 0.98600	-0.51180	-0.79375	 0.32867	 0.07540
-1.29709	-2.51743	 0.99000	-0.43236	-0.83914	 0.33000	 0.07540
-1.04670	-2.62990	 0.99400	-0.34890	-0.87663	 0.33133	 0.07540
-0.78660	-2.71758	 0.99800	-0.26220	-0.90586	 0.33267	 0.07540
-0.51922	-2.77964	 1.00200	-0.17307	-0.92655	 0.33400	 0.07540
-0.24709	-2.81548	 1.00600	-0.08236	-0.93849	 0.33533	 0.07540
 0.02724	-2.82474	 1.01000	 0.00908	-0.94158	 0.33667	 0.07540
 0.30117	-2.80733	 1.01400	 0.10039	-0.93578	 0.33800	 0.07540
 0.57211	-2.76340	 1.01800	 0.19070	-0.92113	 0.33933	 0.07540
 0.83750	-2.69334	 1.02200	 0.27917	-0.89778	 0.34067	 0.07540
 1.09483	-2.59782	 1.02600	 0.36494	-0.86594	 0.34200	 0.07540
 1.34164	-2.47772	 1.03000	 0.44721	-0.82591	 0.34333	 0.07540
 1.57559	-2.33417	 1.03400	 0.52520	-0.77806	 0.34467	 0.07540
 1.79446	-2.16852	 1.03800	 0.59815	-0.72284	 0.34600	 0.07540
 1.99614	-1.98234	 1.04200	 0.66538	-0.66078	 0.34733	 0.07540
 2.17871	-1.77738	 1.04600	 0.72624	-0.59246	 0.34867	 0.07540
 2.34043	-1.55560	 1.05000	 0.78014	-0.51853	 0.35000	 0.07540
 2.47973	-1.31909	 1.05400	 0.82658	-0.43970	 0.35133	 0.07540
 2.59528	-1.07012	 1.05800	 0.86509	-0.35671	 0.35267	 0.07540
 2.68596	-0.81104	 1.06200	 0.89532	-0.27035	 0.35400	 0.07540
 2.75088	-0.54435	 1.06600	 0.91696	-0.18145	 0.35533	 0.07540
 2.78941	-0.27259	 1.07000	 0.92980	-0.09086	 0.35667	 0.07540
 2.80116	 0.00164	 1.07400	 0.93372	 0.00055	 0.35800	 0.07540
 2.78602	 0.27571	 1.07800	 0.92867	 0.09190	 0.35933	 0.07540
 2.74410	 0.54697	 1.08200	 0.91470	 0.18232	 0.36067	 0.07540
 2.67580	 0.81282	 1.08600	 0.89193	 0.27094	 0.36200	 0.07540
 2.58177	 1.07069	 1.09000	 0.86059	 0.35690	 0.36333	 0.07540
 2.46289	 1.31809	 1.09400	 0.82096	 0.43936	 0.36467	 0.07540
 2.32029	 1.55262	 1.09800	 0.77343	 0.51754	 0.36600	 0.07540
 2.15535	 1.77202	 1.10200	 0.71845	 0.59067	 0.36733	 0.07540
 1.96965	 1.97415	 1.10600	 0.65655	 0.65805	 0.36867	 0.07540
 1.76497	 2.15703	 1.11000	 0.58832	 0.71901	 0.37000	 0.07540
 1.54329	 2.31889	 1.11400	 0.51443	 0.77296	 0.37133	 0.07540
 1.30676	 2.45814	 1.11800	 0.43559	 0.81938	 0.37267	 0.07540
 1.05766	 2.57342	 1.12200	 0.35255	 0.85781	 0.37400	 0.07540
 0.79841	 2.66358	 1.12600	 0.26614	 0.88786	 0.37533	 0.07540
 0.53153	 2.72774	 1.13000	 0.17718	 0.90925	 0.37667	 0.07540
 0.25963	 2.76526	 1.13400	 0.08654	 0.92175	 0.37800	 0.07540
-0.01465	 2.77574	 1.13800	-0.00488	 0.92525	 0.37933	 0.07540
-0.28863	 2.75908	 1.14200	-0.09621	 0.91969	 0.38067	 0.07540
-0.55961	 2.71542	 1.14600	-0.18654	 0.90514	 0.38200	 0.07540
-0.82495	 2.64518	 1.15000	-0.27498	 0.88173	 0.38333	 0.07540
-1.08204	 2.54902	 1.15400	-0.36068	 0.84967	 0.38467	 0.07540
-1.32834	 2.42787	 1.15800	-0.44278	 0.80929	 0.38600	 0.07540
-1.56142	 2.28292	 1.16200	-0.52047	 0.76097	 0.38733	 0.07540
-1.77898	 2.11558	 1.16600	-0.59299	 0.70519	 0.38867	 0.07540
-1.97888	 1.92747	 1.17000	-0.65963	 0.64249	 0.39000	 0.07540
-2.15911	 1.72046	 1.17400	-0.71970	 0.57349	 0.39133	 0.07540
-2.31789	 1.49657	 1.17800	-0.77263	 0.49886	 0.39267	 0.07540
-2.45363	 1.25800	 1.18200	-0.81788	 0.41933	 0.39400	 0.07540
-2.56498	 1.00712	 1.18600	-0.85499	 0.33571	 0.39533	 0.07540
-2.65081	 0.74641	 1.19000	-0.88360	 0.24880	 0.39667	 0.07540
-2.71025	 0.47844	 1.19400	-0.90342	 0.15948	 0.39800	 0.07540
-2.74270	 0.20589	 1.19800	-0.91423	 0.06863	 0.39933	 0.07540
-2.74782	-0.06854	 1.20200	-0.91594	-0.02285	 0.40067	 0.07540
-2.72553	-0.34212	 1.20600	-0.90851	-0.11404	 0.40200	 0.07540
-2.67605	-0.61210	 1.21000	-0.89202	-0.20403	 0.40333	 0.07540
-2.59985	-0.87579	 1.21400	-0.86662	-0.29193	 0.40467	 0.07540
-2.49767	-1.13054	 1.21800	-0.83256	-0.37685	 0.40600	 0.07540
-2.37053	-1.37379	 1.22200	-0.79018	-0.45793	 0.40733	 0.07540
-2.21968	-1.60310	 1.22600	-0.73989	-0.53437	 0.40867	 0.07540
-2.04663	-1.81615	 1.23000	-0.68221	-0.60538	 0.41000	 0.07540
-1.85310	-2.01079	 1.23400	-0.61770	-0.67026	 0.41133	 0.07540
-1.64102	-2.18504	 1.23800	-0.54701	-0.72835	 0.41267	 0.07540
-1.41253	-2.33713	 1.24200	-0.47084	-0.77904	 0.41400	 0.07540
-1.16993	-2.46551	 1.24600	-0.38998	-0.82184	 0.41533	 0.07540
-0.91566	-2.56887	 1.25000	-0.30522	-0.85629	 0.41667	 0.07540
-0.65228	-2.64613	 1.25400	-0.21743	-0.88204	 0.41800	 0.07540
-0.38246	-2.69651	 1.25800	-0.12749	-0.89884	 0.41933	 0.07540
-0.10895	-2.71946	 1.26200	-0.03632	-0.90649	 0.42067	 0.07540
 0.16549	-2.71475	 1.26600	 0.05516	-0.90492	 0.42200	 0.07540
 0.43805	-2.68239	 1.27000	 0.14602	-0.89413	 0.42333	 0.07540
 0.70596	-2.62270	 1.27400	 0.23532	-0.87423	 0.42467	 0.07540
 0.96647	-2.53627	 1.27800	 0.32216	-0.84542	 0.42600	 0.07540
 1.21692	-2.42396	 1.28200	 0.40564	-0.80799	 0.42733	 0.07540
 1.45473	-2.28691	 1.28600	 0.48491	-0.76230	 0.42867	 0.07540
 1.67746	-2.12651	 1.29000	 0.55915	-0.70884	 0.43000	 0.07540
 1.88281	-1.94438	 1.29400	 0.62760	-0.64813	 0.43133	 0.07540
 2.06864	-1.74238	 1.29800	 0.68955	-0.58079	 0.43267	 0.07540
 2.23305	-1.52259	 1.30200	 0.74435	-0.50753	 0.43400	 0.07540
 2.37431	-1.28726	 1.30600	 0.79144	-0.42909	 0.43533	 0.07540
 2.49094	-1.03880	 1.31000	 0.83031	-0.34627	 0.43667	 0.07540
 2.58174	-0.77977	 1.31400	 0.86058	-0.25992	 0.43800	 0.07540
 2.64572	-0.51286	 1.31800	 0.88191	-0.17095	 0.43933	 0.07540
 2.68222	-0.24082	 1.32200	 0.89407	-0.08027	 0.44067	 0.07540
 2.69084	 0.03352	 1.32600	 0.89695	 0.01117	 0.44200	 0.07540
 2.67145	 0.30731	 1.33000	 0.89048	 0.10244	 0.44333	 0.07540
 2.62425	 0.57770	 1.33400	 0.87475	 0.19257	 0.44467	 0.07540
 2.54971	 0.84185	 1.33800	 0.84990	 0.28062	 0.44600	 0.07540
 2.44859	 1.09702	 1.34200	 0.81620	 0.36567	 0.44733	 0.07540
 2.32192	 1.34052	 1.34600	 0.77397	 0.44684	 0.44867	 0.07540
 2.17101	 1.56978	 1.35000	 0.72367	 0.52326	 0.45000	 0.07540
 1.99743	 1.78240	 1.35400	 0.66581	 0.59413	 0.45133	 0.07540
 1.80299	 1.97613	 1.35800	 0.60100	 0.65871	 0.45267	 0.07540
 1.58971	 2.14890	 1.36200	 0.52990	 0.71630	 0.45400	 0.07540
 1.35984	 2.29888	 1.36600	 0.45328	 0.76629	 0.45533	 0.07540
 1.11579	 2.42448	 1.37000	 0.37193	 0.80816	 0.45667	 0.07540
 0.86013	 2.52434	 1.37400	 0.28671	 0.84145	 0.45800	 0.07540
 0.59555	 2.59739	 1.37800	 0.19852	 0.86580	 0.45933	 0.07540
 0.32487	 2.64283	 1.38200	 0.10829	 0.88094	 0.46067	 0.07540
 0.05094	 2.66015	 1.38600	 0.01698	 0.88672	 0.46200	 0.07540
-0.22331	 2.64916	 1.39000	-0.07444	 0.88305	 0.46333	 0.07540
-0.49497	 2.60994	 1.39400	-0.16499	 0.86998	 0.46467	 0.07540
-0.76113	 2.54289	 1.39800	-0.25371	 0.84763	 0.46600	 0.07540
-1.01894	 2.44871	 1.40200	-0.33965	 0.81624	 0.46733	 0.07540
-1.26563	 2.32838	 1.40600	-0.42188	 0.77613	 0.46867	 0.07540
-1.49855	 2.18318	 1.41000	-0.49952	 0.72773	 0.47000	 0.07540
-1.71518	 2.01464	 1.41400	-0.57173	 0.67155	 0.47133	 0.07540
-1.91318	 1.82456	 1.41800	-0.63773	 0.60819	 0.47267	 0.07540
-2.09040	 1.61497	 1.42200	-0.69680	 0.53832	 0.47400	 0.07540
-2.24492	 1.38812	 1.42600	-0.74831	 0.46271	 0.47533	 0.07540
-2.37503	 1.14645	 1.43000	-0.79168	 0.38215	 0.47667	 0.07540
-2.47931	 0.89256	 1.43400	-0.82644	 0.29752	 0.47800	 0.07540
-2.55661	 0.62920	 1.43800	-0.85220	 0.20973	 0.47933	 0.07540
-2.60607	 0.35922	 1.44200	-0.86869	 0.11974	 0.48067	 0.07540
-2.62712	 0.08556	 1.44600	-0.87571	 0.02852	 0.48200	 0.07540
-2.61951	-0.18881	 1.45000	-0.87317	-0.06294	 0.48333	 0.07540
-2.58331	-0.46088	 1.45400	-0.86110	-0.15363	 0.48467	 0.07540
-2.51887	-0.72768	 1.45800	-0.83962	-0.24256	 0.48600	 0.07540
-2.42689	-0.98628	 1.46200	-0.80896	-0.32876	 0.48733	 0.07540
-2.30835	-1.23384	 1.46600	-0.76945	-0.41128	 0.48867	 0.07540
-2.16454	-1.46761	 1.47000	-0.72151	-0.48920	 0.49000	 0.07540
-1.99700	-1.68502	 1.47400	-0.66567	-0.56167	 0.49133	 0.07540
-1.80759	-1.88365	 1.47800	-0.60253	-0.62788	 0.49267	 0.07540
-1.59836	-2.06129	 1.48200	-0.53279	-0.68710	 0.49400	 0.07540
-1.37161	-2.21596	 1.48600	-0.45720	-0.73865	 0.49533	 0.07540
-1.12986	-2.34592	 1.49000	-0.37662	-0.78197	 0.49667	 0.07540
-0.87577	-2.44969	 1.49400	-0.29192	-0.81656	 0.49800	 0.07540
-0.61215	-2.52612	 1.49800	-0.20405	-0.84204	 0.49933	 0.07540
-0.34194	-2.57431	 1.50200	-0.11398	-0.85810	 0.50067	 0.07540
-0.06816	-2.59371	 1.50600	-0.02272	-0.86457	 0.50200	 0.07540
 0.20614	-2.58407	 1.51000	 0.06871	-0.86136	 0.50333	 0.07540
 0.47788	-2.54547	 1.51400	 0.15929	-0.84849	 0.50467	 0.07540
 0.74401	-2.47833	 1.51800	 0.24800	-0.82611	 0.50600	 0.07540
 1.00153	-2.38337	 1.52200	 0.33384	-0.79446	 0.50733	 0.07540
 1.24752	-2.26164	 1.52600	 0.41584	-0.75388	 0.50867	 0.07540
 1.47921	-2.11448	 1.53000	 0.49307	-0.70483	 0.51000	 0.07540
 1.69395	-1.94355	 1.53400	 0.56465	-0.64785	 0.51133	 0.07540
 1.88930	-1.75075	 1.53800	 0.62977	-0.58358	 0.51267	 0.07540
 2.06301	-1.53825	 1.54200	 0.68767	-0.51275	 0.51400	 0.07540
 2.21310	-1.30846	 1.54600	 0.73770	-0.43615	 0.51533	 0.07540
 2.33783	-1.06397	 1.55000	 0.77928	-0.35466	 0.51667	 0.07540
 2.43576	-0.80757	 1.55400	 0.81192	-0.26919	 0.51800	 0.07540
 2.50573	-0.54217	 1.55800	 0.83524	-0.18072	 0.51933	 0.07540
 2.54692	-0.27081	 1.56200	 0.84897	-0.09027	 0.52067	 0.07540
 2.55883	 0.00340	 1.56600	 0.85294	 0.00113	 0.52200	 0.07540
 2.54130	 0.27730	 1.57000	 0.84710	 0.09243	 0.52333	 0.07540
 2.49449	 0.54775	 1.57400	 0.83150	 0.18258	 0.52467	 0.07540
 2.41893	 0.81161	 1.57800	 0.80631	 0.27054	 0.52600	 0.07540
 2.31545	 1.06582	 1.58200	 0.77182	 0.35527	 0.52733	 0.07540
 2.18523	 1.30743	 1.58600	 0.72841	 0.43581	 0.52867	 0.07540
 2.02976	 1.53362	 1.59000	 0.67659	 0.51121	 0.53000	 0.07540
 1.85082	 1.74173	 1.59400	 0.61694	 0.58058	 0.53133	 0.07540
 1.65048	 1.92933	 1.59800	 0.55016	 0.64311	 0.53267	 0.07540
 1.43105	 2.09420	 1.60200	 0.47702	 0.69807	 0.53400	 0.07540
 1.19509	 2.23440	 1.60600	 0.39836	 0.74480	 0.53533	 0.07540
 0.94535	 2.34824	 1.61000	 0.31512	 0.78275	 0.53667	 0.07540
 0.68475	 2.43436	 1.61400	 0.22825	 0.81145	 0.53800	 0.07540
 0.41635	 2.49173	 1.61800	 0.13878	 0.83058	 0.53933	 0.07540
 0.14331	 2.51964	 1.62200	 0.04777	 0.83988	 0.54067	 0.07540
-0.13115	 2.51772	 1.62600	-0.04372	 0.83924	 0.54200	 0.07540
-0.40377	 2.48597	 1.63000	-0.13459	 0.82866	 0.54333	 0.07540
-0.67132	 2.42474	 1.63400	-0.22377	 0.80825	 0.54467	 0.07540
-0.93060	 2.33472	 1.63800	-0.31020	 0.77824	 0.54600	 0.07540
-1.17852	 2.21696	 1.64200	-0.39284	 0.73899	 0.54733	 0.07540
-1.41209	 2.07284	 1.64600	-0.47070	 0.69095	 0.54867	 0.07540
-1.62852	 1.90405	 1.65000	-0.54284	 0.63468	 0.55000	 0.07540
-1.82518	 1.71260	 1.65400	-0.60839	 0.57087	 0.55133	 0.07540
-1.99969	 1.50076	 1.65800	-0.66656	 0.50025	 0.55267	 0.07540
-2.14992	 1.27106	 1.66200	-0.71664	 0.42369	 0.55400	 0.07540
-2.27403	 1.02627	 1.66600	-0.75801	 0.34209	 0.55533	 0.07540
-2.37050	 0.76932	 1.67000	-0.79017	 0.25644	 0.55667	 0.07540
-2.43811	 0.50331	 1.67400	-0.81270	 0.16777	 0.55800	 0.07540
-2.47603	 0.23149	 1.67800	-0.82534	 0.07716	 0.55933	 0.07540
-2.48375	-0.04287	 1.68200	-0.82792	-0.01429	 0.56067	 0.07540
-2.46116	-0.31640	 1.68600	-0.82039	-0.10547	 0.56200	 0.07540
-2.40848	-0.58575	 1.69000	-0.80283	-0.19525	 0.56333	 0.07540
-2.32634	-0.84764	 1.69400	-0.77545	-0.28255	 0.56467	 0.07540
-2.21572	-1.09881	 1.69800	-0.73857	-0.36627	 0.56600	 0.07540
-2.07793	-1.33618	 1.70200	-0.69264	-0.44539	 0.56733	 0.07540
-1.91467	-1.55680	 1.70600	-0.63822	-0.51893	 0.56867	 0.07540
-1.72790	-1.75791	 1.71000	-0.57597	-0.58597	 0.57000	 0.07540
-1.51993	-1.93701	 1.71400	-0.50664	-0.64567	 0.57133	 0.07540
-1.29332	-2.09184	 1.71800	-0.43111	-0.69728	 0.57267	 0.07540
-1.05086	-2.22045	 1.72200	-0.35029	-0.74015	 0.57400	 0.07540
-0.79556	-2.32121	 1.72600	-0.26519	-0.77374	 0.57533	 0.07540
-0.53061	-2.39281	 1.73000	-0.17687	-0.79760	 0.57667	 0.07540
-0.25931	-2.43434	 1.73400	-0.08644	-0.81145	 0.57800	 0.07540
 0.01493	-2.44523	 1.73800	 0.00498	-0.81508	 0.57933	 0.07540
 0.28867	-2.42531	 1.74200	 0.09622	-0.80844	 0.58067	 0.07540
 0.55844	-2.37479	 1.74600	 0.18615	-0.79160	 0.58200	 0.07540
 0.82082	-2.29429	 1.75000	 0.27361	-0.76476	 0.58333	 0.07540
 1.07248	-2.18478	 1.75400	 0.35749	-0.72826	 0.58467	 0.07540
 1.31021	-2.04763	 1.75800	 0.43674	-0.68254	 0.58600	 0.07540
 1.53096	-1.88454	 1.76200	 0.51032	-0.62818	 0.58733	 0.07540
 1.73189	-1.69758	 1.76600	 0.57730	-0.56586	 0.58867	 0.07540
 1.91040	-1.48911	 1.77000	 0.63680	-0.49637	 0.59000	 0.07540
 2.06418	-1.26178	 1.77400	 0.68806	-0.42059	 0.59133	 0.07540
 2.19121	-1.01849	 1.77800	 0.73040	-0.33950	 0.59267	 0.07540
 2.28982	-0.76237	 1.78200	 0.76327	-0.25412	 0.59400	 0.07540
 2.35871	-0.49670	 1.78600	 0.78624	-0.16557	 0.59533	 0.07540
 2.39694	-0.22492	 1.79000	 0.79898	-0.07497	 0.59667	 0.07540
 2.40398	 0.04945	 1.79400	 0.80133	 0.01648	 0.59800	 0.07540
 2.37970	 0.32282	 1.79800	 0.79323	 0.10761	 0.59933	 0.07540
 2.32438	 0.59164	 1.80200	 0.77479	 0.19721	 0.60067	 0.07540
 2.23871	 0.85238	 1.80600	 0.74624	 0.28413	 0.60200	 0.07540
 2.12376	 1.10161	 1.81000	 0.70792	 0.36720	 0.60333	 0.07540
 1.98102	 1.33602	 1.81400	 0.66034	 0.44534	 0.60467	 0.07540
 1.81234	 1.55252	 1.81800	 0.60411	 0.51751	 0.60600	 0.07540
 1.61991	 1.74820	 1.82200	 0.53997	 0.58273	 0.60733	 0.07540
 1.40625	 1.92047	 1.82600	 0.46875	 0.64016	 0.60867	 0.07540
 1.17418	 2.06698	 1.83000	 0.39139	 0.68899	 0.61000	 0.07540
 0.92676	 2.18576	 1.83400	 0.30892	 0.72859	 0.61133	 0.07540
 0.66729	 2.27519	 1.83800	 0.22243	 0.75840	 0.61267	 0.07540
 0.39922	 2.33402	 1.84200	 0.13307	 0.77801	 0.61400	 0.07540
 0.12614	 2.36143	 1.84600	 0.04205	 0.78714	 0.61533	 0.07540
-0.14828	 2.35701	 1.85000	-0.04943	 0.78567	 0.61667	 0.07540
-0.42033	 2.32078	 1.85400	-0.14011	 0.77359	 0.61800	 0.07540
-0.68632	 2.25318	 1.85800	-0.22877	 0.75106	 0.61933	 0.07540
-0.94264	 2.15508	 1.86200	-0.31421	 0.71836	 0.62067	 0.07540
-1.18579	 2.02779	 1.86600	-0.39526	 0.67593	 0.62200	 0.07540
-1.41242	 1.87301	 1.87000	-0.47081	 0.62434	 0.62333	 0.07540
-1.61942	 1.69281	 1.87400	-0.53981	 0.56427	 0.62467	 0.07540
-1.80392	 1.48963	 1.87800	-0.60131	 0.49654	 0.62600	 0.07540
-1.96335	 1.26623	 1.88200	-0.65445	 0.42208	 0.62733	 0.07540
-2.09547	 1.02568	 1.88600	-0.69849	 0.34189	 0.62867	 0.07540
-2.19842	 0.77127	 1.89000	-0.73281	 0.25709	 0.63000	 0.07540
-2.27073	 0.50652	 1.89400	-0.75691	 0.16884	 0.63133	 0.07540
-2.31135	 0.23510	 1.89800	-0.77045	 0.07837	 0.63267	 0.07540
-2.31967	-0.03922	 1.90200	-0.77322	-0.01307	 0.63400	 0.07540
-2.29553	-0.31261	 1.90600	-0.76518	-0.10420	 0.63533	 0.07540
-2.23922	-0.58121	 1.91000	-0.74641	-0.19374	 0.63667	 0.07540
-2.15148	-0.84126	 1.91400	-0.71716	-0.28042	 0.63800	 0.07540
-2.03352	-1.08906	 1.91800	-0.67784	-0.36302	 0.63933	 0.07540
-1.88696	-1.32110	 1.92200	-0.62899	-0.44037	 0.64067	 0.07540
-1.71384	-1.53404	 1.92600	-0.57128	-0.51135	 0.64200	 0.07540
-1.51657	-1.72485	 1.93000	-0.50552	-0.57495	 0.64333	 0.07540
-1.29795	-1.89076	 1.93400	-0.43265	-0.63025	 0.64467	 0.07540
-1.06108	-2.02935	 1.93800	-0.35369	-0.67645	 0.64600	 0.07540
-0.80932	-2.13861	 1.94200	-0.26977	-0.71287	 0.64733	 0.07540
-0.54628	-2.21690	 1.94600	-0.18209	-0.73897	 0.64867	 0.07540
-0.27575	-2.26307	 1.95000	-0.09192	-0.75436	 0.65000	 0.07540
-0.00163	-2.27637	 1.95400	-0.00054	-0.75879	 0.65133	 0.07540
 0.27210	-2.25659	 1.95800	 0.09070	-0.75220	 0.65267	 0.07540
 0.54145	-2.20395	 1.96200	 0.18048	-0.73465	 0.65400	 0.07540
 0.80247	-2.11917	 1.96600	 0.26749	-0.70639	 0.65533	 0.07540
 1.05132	-2.00345	 1.97000	 0.35044	-0.66782	 0.65667	 0.07540
 1.28432	-1.85845	 1.97400	 0.42811	-0.61948	 0.65800	 0.07540
 1.49802	-1.68625	 1.97800	 0.49934	-0.56208	 0.65933	 0.07540
 1.68921	-1.48937	 1.98200	 0.56307	-0.49646	 0.66067	 0.07540
 1.85503	-1.27069	 1.98600	 0.61834	-0.42356	 0.66200	 0.07540
 1.99297	-1.03344	 1.99000	 0.66432	-0.34448	 0.66333	 0.07540
 2.10091	-0.78112	 1.99400	 0.70030	-0.26037	 0.66467	 0.07540
 2.17720	-0.51749	 1.99800	 0.72573	-0.17250	 0.66600	 0.07540
 2.22064	-0.24652	 2.00200	 0.74021	-0.08217	 0.66733	 0.07540
 2.23051	 0.02774	 2.00600	 0.74350	 0.00925	 0.66867	 0.07540
 2.20663	 0.30114	 2.01000	 0.73554	 0.10038	 0.67000	 0.07540
 2.14929	 0.56952	 2.01400	 0.71643	 0.18984	 0.67133	 0.07540
 2.05932	 0.82879	 2.01800	 0.68644	 0.27626	 0.67267	 0.07540
 1.93803	 1.07497	 2.02200	 0.64601	 0.35832	 0.67400	 0.07540
 1.78724	 1.30426	 2.02600	 0.59575	 0.43475	 0.67533	 0.07540
 1.60921	 1.51312	 2.03000	 0.53640	 0.50437	 0.67667	 0.07540
 1.40665	 1.69828	 2.03400	 0.46888	 0.56609	 0.67800	 0.07540
 1.18266	 1.85684	 2.03800	 0.39422	 0.61895	 0.67933	 0.07540
 0.94068	 1.98629	 2.04200	 0.31356	 0.66210	 0.68067	 0.07540
 0.68444	 2.08457	 2.04600	 0.22815	 0.69486	 0.68200	 0.07540
 0.41794	 2.15008	 2.05000	 0.13931	 0.71669	 0.68333	 0.07540
 0.14534	 2.18173	 2.05400	 0.04845	 0.72724	 0.68467	 0.07540
-0.12908	 2.17898	 2.05800	-0.04303	 0.72633	 0.68600	 0.07540
-0.40098	 2.14181	 2.06200	-0.13366	 0.71394	 0.68733	 0.07540
-0.66605	 2.07075	 2.06600	-0.22202	 0.69025	 0.68867	 0.07540
-0.92006	 1.96687	 2.07000	-0.30669	 0.65562	 0.69000	 0.07540
-1.15893	 1.83177	 2.07400	-0.38631	 0.61059	 0.69133	 0.07540
-1.37882	 1.66757	 2.07800	-0.45961	 0.55586	 0.69267	 0.07540
-1.57614	 1.47684	 2.08200	-0.52538	 0.49228	 0.69400	 0.07540
-1.74767	 1.26263	 2.08600	-0.58256	 0.42088	 0.69533	 0.07540
-1.89060	 1.02836	 2.09000	-0.63020	 0.34279	 0.69667	 0.07540
-2.00255	 0.77780	 2.09400	-0.66752	 0.25927	 0.69800	 0.07540
-2.08162	 0.51501	 2.09800	-0.69387	 0.17167	 0.69933	 0.07540
-2.12648	 0.24428	 2.10200	-0.70883	 0.08143	 0.70067	 0.07540
-2.13632	-0.02997	 2.10600	-0.71211	-0.00999	 0.70200	 0.07540
-2.11091	-0.30322	 2.11000	-0.70364	-0.10107	 0.70333	 0.07540
-2.05062	-0.57094	 2.11400	-0.68354	-0.19031	 0.70467	 0.07540
-1.95637	-0.82867	 2.11800	-0.65212	-0.27622	 0.70600	 0.07540
-1.82968	-1.07210	 2.12200	-0.60989	-0.35737	 0.70733	 0.07540
-1.67260	-1.29713	 2.12600	-0.55753	-0.43238	 0.70867	 0.07540
-1.48772	-1.49993	 2.13000	-0.49591	-0.49998	 0.71000	 0.07540
-1.27811	-1.67705	 2.13400	-0.42604	-0.55902	 0.71133	 0.07540
-1.04726	-1.82543	 2.13800	-0.34909	-0.60848	 0.71267	 0.07540
-0.79907	-1.94251	 2.14200	-0.26636	-0.64750	 0.71400	 0.07540
-0.53772	-2.02621	 2.14600	-0.17924	-0.67540	 0.71533	 0.07540
-0.26768	-2.07505	 2.15000	-0.08923	-0.69168	 0.71667	 0.07540
 0.00643	-2.08812	 2.15400	 0.00214	-0.69604	 0.71800	 0.07540
 0.27988	-2.06512	 2.15800	 0.09329	-0.68837	 0.71933	 0.07540
 0.54794	-2.00637	 2.16200	 0.18265	-0.66879	 0.72067	 0.07540
 0.80592	-1.91283	 2.16600	 0.26864	-0.63761	 0.72200	 0.07540
 1.04931	-1.78607	 2.17000	 0.34977	-0.59536	 0.72333	 0.07540
 1.27380	-1.62824	 2.17400	 0.42460	-0.54275	 0.72467	 0.07540
 1.47539	-1.44206	 2.17800	 0.49180	-0.48069	 0.72600	 0.07540
 1.65049	-1.23076	 2.18200	 0.55016	-0.41025	 0.72733	 0.07540
 1.79591	-0.99805	 2.18600	 0.59864	-0.33268	 0.72867	 0.07540
 1.90902	-0.74803	 2.19000	 0.63634	-0.24934	 0.73000	 0.07540
 1.98771	-0.48514	 2.19400	 0.66257	-0.16171	 0.73133	 0.07540
 2.03051	-0.21408	 2.19800	 0.67684	-0.07136	 0.73267	 0.07540
 2.03656	 0.06027	 2.20200	 0.67885	 0.02009	 0.73400	 0.07540
 2.00567	 0.33294	 2.20600	 0.66856	 0.11098	 0.73533	 0.07540
 1.93834	 0.59896	 2.21000	 0.64611	 0.19965	 0.73667	 0.07540
 1.83571	 0.85346	 2.21400	 0.61190	 0.28449	 0.73800	 0.07540
 1.69959	 1.09173	 2.21800	 0.56653	 0.36391	 0.73933	 0.07540
 1.53242	 1.30935	 2.22200	 0.51081	 0.43645	 0.74067	 0.07540
 1.33724	 1.50223	 2.22600	 0.44575	 0.50074	 0.74200	 0.07540
 1.11761	 1.66674	 2.23000	 0.37254	 0.55558	 0.74333	 0.07540
 0.87759	 1.79974	 2.23400	 0.29253	 0.59991	 0.74467	 0.07540
 0.62163	 1.89866	 2.23800	 0.20721	 0.63289	 0.74600	 0.07540
 0.35453	 1.96157	 2.24200	 0.11818	 0.65386	 0.74733	 0.07540
 0.08132	 1.98718	 2.24600	 0.02711	 0.66239	 0.74867	 0.07540
-0.19281	 1.97492	 2.25000	-0.06427	 0.65831	 0.75000	 0.07540
-0.46263	 1.92496	 2.25400	-0.15421	 0.64165	 0.75133	 0.07540
-0.72294	 1.83815	 2.25800	-0.24098	 0.61272	 0.75267	 0.07540
-0.96870	 1.71609	 2.26200	-0.32290	 0.57203	 0.75400	 0.07540
-1.19512	 1.56107	 2.26600	-0.39837	 0.52036	 0.75533	 0.07540
-1.39774	 1.37602	 2.27000	-0.46591	 0.45867	 0.75667	 0.07540
-1.57253	 1.16450	 2.27400	-0.52418	 0.38817	 0.75800	 0.07540
-1.71601	 0.93060	 2.27800	-0.57200	 0.31020	 0.75933	 0.07540
-1.82526	 0.67889	 2.28200	-0.60842	 0.22630	 0.76067	 0.07540
-1.89804	 0.41431	 2.28600	-0.63268	 0.13810	 0.76200	 0.07540
-1.93280	 0.14212	 2.29000	-0.64427	 0.04737	 0.76333	 0.07540
-1.92875	-0.13224	 2.29400	-0.64292	-0.04408	 0.76467	 0.07540
-1.88589	-0.40327	 2.29800	-0.62863	-0.13442	 0.76600	 0.07540
-1.80498	-0.66547	 2.30200	-0.60166	-0.22182	 0.76733	 0.07540
-1.68758	-0.91348	 2.30600	-0.56253	-0.30449	 0.76867	 0.07540
-1.53599	-1.14220	 2.31000	-0.51200	-0.38073	 0.77000	 0.07540
-1.35325	-1.34689	 2.31400	-0.45108	-0.44896	 0.77133	 0.07540
-1.14305	-1.52326	 2.31800	-0.38102	-0.50775	 0.77267	 0.07540
-0.90967	-1.66758	 2.32200	-0.30322	-0.55586	 0.77400	 0.07540
-0.65793	-1.77675	 2.32600	-0.21931	-0.59225	 0.77533	 0.07540
-0.39306	-1.84840	 2.33000	-0.13102	-0.61613	 0.77667	 0.07540
-0.12061	-1.88093	 2.33400	-0.04020	-0.62698	 0.77800	 0.07540
 0.15368	-1.87354	 2.33800	 0.05123	-0.62451	 0.77933	 0.07540
 0.42397	-1.82628	 2.34200	 0.14132	-0.60876	 0.78067	 0.07540
 0.68446	-1.74006	 2.34600	 0.22815	-0.58002	 0.78200	 0.07540
 0.92951	-1.61663	 2.35000	 0.30984	-0.53888	 0.78333	 0.07540
 1.15380	-1.45857	 2.35400	 0.38460	-0.48619	 0.78467	 0.07540
 1.35237	-1.26922	 2.35800	 0.45079	-0.42307	 0.78600	 0.07540
 1.52083	-1.05263	 2.36200	 0.50694	-0.35088	 0.78733	 0.07540
 1.65537	-0.81350	 2.36600	 0.55179	-0.27117	 0.78867	 0.07540
 1.75294	-0.55706	 2.37000	 0.58431	-0.18569	 0.79000	 0.07540
 1.81125	-0.28894	 2.37400	 0.60375	-0.09631	 0.79133	 0.07540
 1.82890	-0.01513	 2.37800	 0.60963	-0.00504	 0.79267	 0.07540
 1.80538	 0.25823	 2.38200	 0.60179	 0.08608	 0.79400	 0.07540
 1.74109	 0.52497	 2.38600	 0.58036	 0.17499	 0.79533	 0.07540
 1.63739	 0.77900	 2.39000	 0.54580	 0.25967	 0.79667	 0.07540
 1.49654	 1.01446	 2.39400	 0.49885	 0.33815	 0.79800	 0.07540
 1.32167	 1.22588	 2.39800	 0.44056	 0.40863	 0.79933	 0.07540
 1.11672	 1.40831	 2.40200	 0.37224	 0.46944	 0.80067	 0.07540
 0.88639	 1.55739	 2.40600	 0.29546	 0.51913	 0.80200	 0.07540
 0.63599	 1.66955	 2.41000	 0.21200	 0.55652	 0.80333	 0.07540
 0.37137	 1.74204	 2.41400	 0.12379	 0.58068	 0.80467	 0.07540
 0.09875	 1.77300	 2.41800	 0.03292	 0.59100	 0.80600	 0.07540
-0.17537	 1.76158	 2.42200	-0.05846	 0.58719	 0.80733	 0.07540
-0.44444	 1.70792	 2.42600	-0.14815	 0.56931	 0.80867	 0.07540
-0.70193	 1.61319	 2.43000	-0.23398	 0.53773	 0.81000	 0.07540
-0.94156	 1.47957	 2.43400	-0.31385	 0.49319	 0.81133	 0.07540
-1.15739	 1.31019	 2.43800	-0.38580	 0.43673	 0.81267	 0.07540
-1.34406	 1.10912	 2.44200	-0.44802	 0.36971	 0.81400	 0.07540
-1.49684	 0.88123	 2.44600	-0.49895	 0.29374	 0.81533	 0.07540
-1.61181	 0.63212	 2.45000	-0.53727	 0.21071	 0.81667	 0.07540
-1.68596	 0.36798	 2.45400	-0.56199	 0.12266	 0.81800	 0.07540
-1.71730	 0.09542	 2.45800	-0.57243	 0.03181	 0.81933	 0.07540
-1.70489	-0.17866	 2.46200	-0.56830	-0.05955	 0.82067	 0.07540
-1.64889	-0.44723	 2.46600	-0.54963	-0.14908	 0.82200	 0.07540
-1.55060	-0.70337	 2.47000	-0.51687	-0.23446	 0.82333	 0.07540
-1.41244	-0.94039	 2.47400	-0.47081	-0.31346	 0.82467	 0.07540
-1.23787	-1.15204	 2.47800	-0.41262	-0.38401	 0.82600	 0.07540
-1.03136	-1.33265	 2.48200	-0.34379	-0.44422	 0.82733	 0.07540
-0.79828	-1.47735	 2.48600	-0.26609	-0.49245	 0.82867	 0.07540
-0.54474	-1.58214	 2.49000	-0.18158	-0.52738	 0.83000	 0.07540
-0.27748	-1.64407	 2.49400	-0.09249	-0.54802	 0.83133	 0.07540
-0.00368	-1.66132	 2.49800	-0.00123	-0.55377	 0.83267	 0.07540
 0.26922	-1.63325	 2.50200	 0.08974	-0.54442	 0.83400	 0.07540
 0.53373	-1.56048	 2.50600	 0.17791	-0.52016	 0.83533	 0.07540
 0.78251	-1.44485	 2.51000	 0.26084	-0.48162	 0.83667	 0.07540
 1.00857	-1.28942	 2.51400	 0.33619	-0.42981	 0.83800	 0.07540
 1.20548	-1.09841	 2.51800	 0.40183	-0.36614	 0.83933	 0.07540
 1.36757	-0.87709	 2.52200	 0.45586	-0.29236	 0.84067	 0.07540
 1.49009	-0.63164	 2.52600	 0.49670	-0.21055	 0.84200	 0.07540
 1.56937	-0.36902	 2.53000	 0.52312	-0.12301	 0.84333	 0.07540
 1.60296	-0.09675	 2.53400	 0.53432	-0.03225	 0.84467	 0.07540
 1.58970	 0.17725	 2.53800	 0.52990	 0.05908	 0.84600	 0.07540
 1.52979	 0.44495	 2.54200	 0.50993	 0.14832	 0.84733	 0.07540
 1.42483	 0.69839	 2.54600	 0.47494	 0.23280	 0.84867	 0.07540
 1.27776	 0.92996	 2.55000	 0.42592	 0.30999	 0.85000	 0.07540
 1.09285	 1.13259	 2.55400	 0.36428	 0.37753	 0.85133	 0.07540
 0.87556	 1.30001	 2.55800	 0.29185	 0.43334	 0.85267	 0.07540
 0.63239	 1.42697	 2.56200	 0.21080	 0.47566	 0.85400	 0.07540
 0.37075	 1.50937	 2.56600	 0.12358	 0.50312	 0.85533	 0.07540
 0.09870	 1.54446	 2.57000	 0.03290	 0.51482	 0.85667	 0.07540
-0.17528	 1.53095	 2.57400	-0.05843	 0.51032	 0.85800	 0.07540
-0.44251	 1.46905	 2.57800	-0.14750	 0.48968	 0.85933	 0.07540
-0.69443	 1.36053	 2.58200	-0.23148	 0.45351	 0.86067	 0.07540
-0.92287	 1.20869	 2.58600	-0.30762	 0.40290	 0.86200	 0.07540
-1.12029	 1.01826	 2.59000	-0.37343	 0.33942	 0.86333	 0.07540
-1.28009	 0.79532	 2.59400	-0.42670	 0.26511	 0.86467	 0.07540
-1.39681	 0.54710	 2.59800	-0.46560	 0.18237	 0.86600	 0.07540
-1.46636	 0.28178	 2.60200	-0.48879	 0.09393	 0.86733	 0.07540
-1.48617	 0.00821	 2.60600	-0.49539	 0.00274	 0.86867	 0.07540
-1.45534	-0.26434	 2.61000	-0.48511	-0.08811	 0.87000	 0.07540
-1.37470	-0.52650	 2.61400	-0.45823	-0.17550	 0.87133	 0.07540
-1.24680	-0.76913	 2.61800	-0.41560	-0.25638	 0.87267	 0.07540
-1.07589	-0.98365	 2.62200	-0.35863	-0.32788	 0.87400	 0.07540
-0.86781	-1.16234	 2.62600	-0.28927	-0.38745	 0.87533	 0.07540
-0.62980	-1.29863	 2.63000	-0.20993	-0.43288	 0.87667	 0.07540
-0.37030	-1.38741	 2.63400	-0.12343	-0.46247	 0.87800	 0.07540
-0.09866	-1.42521	 2.63800	-0.03289	-0.47507	 0.87933	 0.07540
 0.17520	-1.41037	 2.64200	 0.05840	-0.47012	 0.88067	 0.07540
 0.44110	-1.34317	 2.64600	 0.14703	-0.44772	 0.88200	 0.07540
 0.68901	-1.22587	 2.65000	 0.22967	-0.40862	 0.88333	 0.07540
 0.90941	-1.06266	 2.65400	 0.30314	-0.35422	 0.88467	 0.07540
 1.09370	-0.85956	 2.65800	 0.36457	-0.28652	 0.88600	 0.07540
 1.23454	-0.62424	 2.66200	 0.41151	-0.20808	 0.88733	 0.07540
 1.32615	-0.36576	 2.66600	 0.44205	-0.12192	 0.88867	 0.07540
 1.36463	-0.09423	 2.67000	 0.45488	-0.03141	 0.89000	 0.07540
 1.34815	 0.17951	 2.67400	 0.44938	 0.05984	 0.89133	 0.07540
 1.27705	 0.44436	 2.67800	 0.42568	 0.14812	 0.89267	 0.07540
 1.15395	 0.68941	 2.68200	 0.38465	 0.22980	 0.89400	 0.07540
 0.98365	 0.90434	 2.68600	 0.32788	 0.30145	 0.89533	 0.07540
 0.77304	 1.07996	 2.69000	 0.25768	 0.35999	 0.89667	 0.07540
 0.53085	 1.20854	 2.69400	 0.17695	 0.40285	 0.89800	 0.07540
 0.26730	 1.28427	 2.69800	 0.08910	 0.42809	 0.89933	 0.07540
-0.00623	 1.30352	 2.70200	-0.00208	 0.43451	 0.90067	 0.07540
-0.27772	 1.26508	 2.70600	-0.09257	 0.42169	 0.90200	 0.07540
-0.53503	 1.17032	 2.71000	-0.17834	 0.39011	 0.90333	 0.07540
-0.76638	 1.02316	 2.71400	-0.25546	 0.34105	 0.90467	 0.07540
-0.96100	 0.83003	 2.71800	-0.32033	 0.27668	 0.90600	 0.07540
-1.10959	 0.59960	 2.72200	-0.36986	 0.19987	 0.90733	 0.07540
-1.20483	 0.34250	 2.72600	-0.40161	 0.11417	 0.90867	 0.07540
-1.24181	 0.07083	 2.73000	-0.41394	 0.02361	 0.91000	 0.07540
-1.21832	-0.20233	 2.73400	-0.40611	-0.06744	 0.91133	 0.07540
-1.13511	-0.46356	 2.73800	-0.37837	-0.15452	 0.91267	 0.07540
-0.99590	-0.69973	 2.74200	-0.33197	-0.23324	 0.91400	 0.07540
-0.80732	-0.89873	 2.74600	-0.26911	-0.29958	 0.91533	 0.07540
-0.57872	-1.05004	 2.75000	-0.19291	-0.35001	 0.91667	 0.07540
-0.32171	-1.14542	 2.75400	-0.10724	-0.38181	 0.91800	 0.07540
-0.04970	-1.17939	 2.75800	-0.01657	-0.39313	 0.91933	 0.07540
 0.22281	-1.14966	 2.76200	 0.07427	-0.38322	 0.92067	 0.07540
 0.48091	-1.05734	 2.76600	 0.16030	-0.35245	 0.92200	 0.07540
 0.71016	-0.90707	 2.77000	 0.23672	-0.30236	 0.92333	 0.07540
 0.89737	-0.70686	 2.77400	 0.29912	-0.23562	 0.92467	 0.07540
 1.03144	-0.46780	 2.77800	 0.34381	-0.15593	 0.92600	 0.07540
 1.10411	-0.20353	 2.78200	 0.36804	-0.06784	 0.92733	 0.07540
 1.11051	 0.07047	 2.78600	 0.37017	 0.02349	 0.92867	 0.07540
 1.04969	 0.33771	 2.79000	 0.34990	 0.11257	 0.93000	 0.07540
 0.92480	 0.58165	 2.79400	 0.30827	 0.19388	 0.93133	 0.07540
 0.74308	 0.78679	 2.79800	 0.24769	 0.26226	 0.93267	 0.07540
 0.51563	 0.93964	 2.80200	 0.17188	 0.31321	 0.93400	 0.07540
 0.25684	 1.02976	 2.80600	 0.08561	 0.34325	 0.93533	 0.07540
-0.01638	 1.05054	 2.81000	-0.00546	 0.35018	 0.93667	 0.07540
-0.28567	 0.99990	 2.81400	-0.09522	 0.33330	 0.93800	 0.07540
-0.53234	 0.88062	 2.81800	-0.17745	 0.29354	 0.93933	 0.07540
-0.73873	 0.70043	 2.82200	-0.24624	 0.23348	 0.94067	 0.07540
-0.88952	 0.47169	 2.82600	-0.29651	 0.15723	 0.94200	 0.07540
-0.97298	 0.21075	 2.83000	-0.32433	 0.07025	 0.94333	 0.07540
-0.98207	-0.06304	 2.83400	-0.32736	-0.02101	 0.94467	 0.07540
-0.91527	-0.32869	 2.83800	-0.30509	-0.10956	 0.94600	 0.07540
-0.77696	-0.56512	 2.84200	-0.25899	-0.18837	 0.94733	 0.07540
-0.57751	-0.75284	 2.84600	-0.19250	-0.25095	 0.94867	 0.07540
-0.33272	-0.87567	 2.85000	-0.11091	-0.29189	 0.95000	 0.07540
-0.06287	-0.92235	 2.85400	-0.02096	-0.30745	 0.95133	 0.07540
 0.20879	-0.88783	 2.85800	 0.06960	-0.29594	 0.95267	 0.07540
 0.45789	-0.77414	 2.86200	 0.15263	-0.25805	 0.95400	 0.07540
 0.66115	-0.59069	 2.86600	 0.22038	-0.19690	 0.95533	 0.07540
 0.79864	-0.35394	 2.87000	 0.26621	-0.11798	 0.95667	 0.07540
 0.85597	-0.08626	 2.87400	 0.28532	-0.02875	 0.95800	 0.07540
 0.82618	 0.18584	 2.87800	 0.27539	 0.06195	 0.95933	 0.07540
 0.71105	 0.43415	 2.88200	 0.23702	 0.14472	 0.96067	 0.07540
 0.52158	 0.63163	 2.88600	 0.17386	 0.21054	 0.96200	 0.07540
 0.27760	 0.75554	 2.89000	 0.09253	 0.25185	 0.96333	 0.07540
 0.00622	 0.79040	 2.89400	 0.00207	 0.26347	 0.96467	 0.07540
-0.26071	 0.73050	 2.89800	-0.08690	 0.24350	 0.96600	 0.07540
-0.49012	 0.58153	 2.90200	-0.16337	 0.19384	 0.96733	 0.07540
-0.65182	 0.36097	 2.90600	-0.21727	 0.12032	 0.96867	 0.07540
-0.72285	 0.09691	 2.91000	-0.24095	 0.03230	 0.97000	 0.07540
-0.69144	-0.17467	 2.91400	-0.23048	-0.05822	 0.97133	 0.07540
-0.56001	-0.41433	 2.91800	-0.18667	-0.13811	 0.97267	 0.07540
-0.34638	-0.58475	 2.92200	-0.11546	-0.19492	 0.97400	 0.07540
-0.08290	-0.65700	 2.92600	-0.02763	-0.21900	 0.97533	 0.07540
 0.18721	-0.61648	 2.93000	 0.06240	-0.20549	 0.97667	 0.07540
 0.41603	-0.46750	 2.93400	 0.13868	-0.15583	 0.97800	 0.07540
 0.55932	-0.23518	 2.93800	 0.18644	-0.07839	 0.97933	 0.07540
 0.58593	 0.03636	 2.94200	 0.19531	 0.01212	 0.98067	 0.07540
 0.48660	 0.29035	 2.94600	 0.16220	 0.09678	 0.98200	 0.07540
 0.27995	 0.46811	 2.95000	 0.09332	 0.15604	 0.98333	 0.07540
 0.01316	 0.52317	 2.95400	 0.00439	 0.17439	 0.98467	 0.07540
-0.24480	 0.43624	 2.95800	-0.08160	 0.14541	 0.98600	 0.07540
-0.41842	 0.22689	 2.96200	-0.13947	 0.07563	 0.98733	 0.07540
-0.44831	-0.04315	 2.96600	-0.14944	-0.01438	 0.98867	 0.07540
-0.31688	-0.28051	 2.97000	-0.10563	-0.09350	 0.99000	 0.07540
-0.06834	-0.38814	 2.97400	-0.02278	-0.12938	 0.99133	 0.07540
 0.18999	-0.30890	 2.97800	 0.06333	-0.10297	 0.99267	 0.07540
 0.31991	-0.07302	 2.98200	 0.10664	-0.02434	 0.99400	 0.07540
 0.22785	 0.17857	 2.98600	 0.07595	 0.05952	 0.99533	 0.07540
-0.02976	 0.24293	 2.99000	-0.00992	 0.08098	 0.99667	 0.07540
-0.18642	 0.03482	 2.99400	-0.06214	 0.01161	 0.99800	 0.07540
 0.00876	-0.10918	 2.99800	 0.00292	-0.03639	 0.99933	 0.07540
